1989144	1
1989742	1
1992624	1
1994326	1
1995152	1
1996748	1
1997180	1
1997184	1
1997178	1
1997995	1
1977347	1
1977592	1
1977770	1
1977838	1
1977989	1
1978378	1
1978388	1
1978443	1
1978637	1
1978665	1
1980049	1
1980266	1
1980493	1
1980524	1
1980679	1
1980789	1
1980839	1
1981248	1
1981605	1
1981931	1
1982009	1
1982121	1
1982278	1
1982319	1
1982412	1
1982486	1
1982576	1
1983173	1
1983270	1
1983306	1
1983326	1
1983452	1
1983522	1
1983548	1
1984252	1
1984348	1
1984380	1
1984428	1
1985338	1
1985950	1
1985985	1
1986010	1
1986982	1
1987537	0
1987554	0
1987542	0
1987531	0
1987541	0
1987529	0
1987527	0
1987535	0
1987517	0
1987545	0
1987568	0
1987582	0
1987557	0
1987565	0
1987576	0
1987577	0
1987575	0
1987579	0
1987589	0
1987563	0
1987584	0
1987566	0
1987595	0
1987592	0
1987587	0
1987605	0
1987593	0
1987607	0
1987600	0
1987585	0
1987611	0
1987597	0
1987599	0
1987604	0
1987606	0
1987614	0
1987612	0
1987615	0
1987608	0
1987572	0
1987627	0
1987622	0
1987616	0
1987634	0
1987618	0
1987638	0
1987578	0
1987645	0
1987624	0
1987643	0
1987648	0
1987642	0
1987635	0
1987669	0
1987651	0
1987644	0
1987660	0
1987661	0
1987657	0
1987667	0
1987637	0
1987675	0
1987687	0
1987677	0
1987685	0
1987693	0
1987668	0
1987688	0
1987646	0
1987700	0
1987674	0
1987696	0
1987698	0
1987702	0
1987701	0
1987705	0
1987707	0
1987722	0
1987699	0
1987703	0
1987720	0
1987727	0
1987718	0
1987716	0
1987719	0
1987671	0
1987734	0
1987733	0
1987738	0
1987736	0
1987731	0
1987737	0
1987748	0
1987759	0
1987746	0
1987742	0
1987766	0
1987752	0
1987726	0
1987753	0
1987778	0
1987713	0
1987764	0
1987774	0
1987781	0
1987790	0
1987785	0
1987789	0
1987792	0
1987768	0
1987800	0
1987743	0
1987747	0
1987793	0
1987788	0
1987795	0
1987769	0
1987796	0
1987805	0
1987807	0
1987811	0
1987819	0
1987824	0
1987812	0
1987813	0
1987817	0
1987822	0
1987830	0
1987818	0
1987815	0
1987821	0
1987804	0
1987827	0
1987834	0
1987841	0
1987820	0
1987826	0
1987842	0
1987851	0
1987802	0
1987848	0
1987847	0
1987863	0
1987862	0
1987739	0
1987854	0
1987837	0
1987860	0
1987859	0
1987797	0
1987872	0
1987864	0
1987876	0
1987858	0
1987845	0
1987871	0
1987880	0
1987879	0
1987891	0
1987911	0
1987877	0
1987893	0
1987909	0
1987905	0
1987927	0
1987924	0
1987920	0
1987923	0
1987926	0
1987904	0
1987932	0
1987933	0
1987929	0
1987941	0
1987922	0
1987945	0
1987875	0
1987958	0
1987928	0
1987942	0
1987870	0
1987873	0
1987930	0
1987960	0
1987956	0
1987962	0
1987976	0
1987957	0
1987935	0
1987983	0
1987965	0
1987971	0
1987980	0
1987996	0
1987966	0
1987978	0
1987994	0
1987973	0
1988007	0
1987997	0
1987977	0
1987988	0
1988005	0
1987972	0
1988014	0
1987968	0
1987982	0
1988017	0
1988022	0
1988002	0
1988009	0
1988023	0
1988019	0
1987989	0
1988004	0
1988025	0
1988021	0
1988024	0
1988031	0
1988026	0
1988034	0
1988033	0
1988037	0
1988016	0
1988035	0
1988057	0
1988038	0
1988044	0
1988045	0
1988053	0
1988051	0
1988020	0
1988043	0
1988056	0
1988008	0
1988060	0
1988054	0
1988059	0
1988063	0
1988067	0
1988071	0
1988066	0
1988073	0
1988055	0
1988082	0
1988078	0
1988042	0
1988087	0
1988097	0
1988105	0
1988095	0
1988065	0
1988114	0
1988092	0
1988116	0
1988123	0
1988062	0
1988124	0
1988102	0
1988133	0
1988132	0
1988136	0
1988068	0
1988127	0
1988131	0
1988094	0
1988140	0
1988144	0
1988100	0
1988143	0
1988137	0
1988150	0
1988153	0
1988107	0
1988139	0
1988151	0
1988118	0
1988169	0
1988181	0
1988163	0
1988121	0
1988166	0
1988162	0
1988186	0
1988174	0
1988167	0
1988193	0
1988182	0
1988145	0
1988176	0
1988201	0
1988184	0
1988197	0
1988125	0
1988198	0
1988159	0
1988164	0
1988213	0
1988206	0
1988214	0
1988225	0
1988215	0
1988229	0
1988211	0
1988244	0
1988200	0
1988221	0
1988203	0
1988238	0
1988242	0
1988202	0
1988236	0
1988231	0
1988241	0
1988252	0
1988255	0
1988263	0
1988249	0
1988260	0
1988250	0
1988258	0
1988240	0
1988272	0
1988271	0
1988274	0
1988278	0
1988287	0
1988279	0
1988267	0
1988257	0
1988273	0
1988269	0
1988294	0
1988309	0
1988303	0
1988295	0
1988315	0
1988292	0
1988251	0
1988286	0
1988306	0
1988289	0
1988320	0
1988319	0
1988323	0
1988330	0
1988316	0
1988331	0
1988334	0
1988341	0
1988349	0
1988335	0
1988325	0
1988355	0
1988354	0
1988356	0
1988340	0
1988350	0
1988344	0
1988361	0
1988352	0
1988358	0
1988345	0
1988364	0
1988365	0
1988346	0
1988342	0
1988359	0
1988368	0
1988380	0
1988374	0
1988378	0
1988347	0
1988373	0
1988328	0
1988379	0
1988376	0
1988385	0
1988383	0
1988401	0
1988406	0
1988394	0
1988398	0
1988399	0
1988392	0
1988390	0
1988393	0
1988403	0
1988415	0
1988416	0
1988421	0
1988396	0
1988395	0
1988417	0
1988381	0
1988377	0
1988428	0
1988382	0
1988411	0
1988386	0
1988426	0
1988427	0
1988434	0
1988420	0
1988440	0
1988435	0
1988442	0
1988387	0
1988445	0
1988446	0
1988437	0
1988452	0
1988443	0
1988453	0
1988473	0
1988447	0
1988454	0
1988468	0
1988467	0
1988459	0
1988479	0
1988477	0
1988471	0
1988474	0
1988489	0
1988462	0
1988490	0
1988478	0
1988484	0
1988493	0
1988495	0
1988494	0
1988499	0
1988497	0
1988423	0
1988513	0
1988481	0
1988501	0
1988514	0
1988511	0
1988491	0
1988516	0
1988531	0
1988517	0
1988537	0
1988518	0
1988544	0
1988515	0
1988524	0
1988530	0
1988547	0
1988541	0
1988528	0
1988559	0
1988561	0
1988539	0
1988492	0
1988482	0
1988567	0
1988562	0
1988532	0
1988570	0
1988560	0
1988565	0
1988576	0
1988571	0
1988582	0
1988566	0
1988579	0
1988568	0
1988588	0
1988580	0
1988593	0
1988554	0
1988586	0
1988595	0
1988594	0
1988590	0
1988611	0
1988615	0
1988577	0
1988613	0
1988620	0
1988564	0
1988572	0
1988630	0
1988549	0
1988616	0
1988619	0
1988575	0
1988604	0
1988628	0
1988578	0
1988639	0
1988644	0
1988636	0
1988635	0
1988648	0
1988653	0
1988607	0
1988642	0
1988649	0
1988664	0
1988608	0
1988655	0
1988660	0
1988587	0
1988643	0
1988612	0
1988668	0
1988651	0
1988665	0
1988631	0
1988647	0
1988684	0
1988676	0
1988685	0
1988650	0
1988677	0
1988680	0
1988694	0
1988686	0
1988661	0
1988663	0
1988702	0
1988675	0
1988709	0
1988701	0
1988670	0
1988707	0
1988672	0
1988710	0
1988706	0
1988714	0
1988703	0
1988712	0
1988711	0
1988721	0
1988689	0
1988720	0
1988732	0
1988749	0
1988725	0
1988750	0
1988735	0
1988747	0
1988674	0
1988752	0
1988760	0
1988745	0
1988755	0
1988744	0
1988759	0
1988753	0
1988775	0
1988768	0
1988778	0
1988769	0
1988751	0
1988802	0
1988781	0
1988766	0
1988791	0
1988797	0
1988784	0
1988808	0
1988817	0
1988799	0
1988820	0
1988806	0
1988831	0
1988830	0
1988805	0
1988819	0
1988834	0
1988828	0
1988789	0
1988843	0
1988844	0
1988836	0
1988827	0
1988860	0
1988870	0
1988854	0
1988845	0
1988876	0
1988863	0
1988883	0
1988879	0
1988868	0
1988880	0
1988886	0
1988859	0
1988884	0
1988898	0
1988892	0
1988893	0
1988903	0
1988881	0
1988899	0
1988914	0
1988908	0
1988905	0
1988872	0
1988917	0
1988919	0
1988878	0
1988897	0
1988922	0
1988911	0
1988855	0
1988923	0
1988944	0
1988901	0
1988935	0
1988915	0
1988929	0
1988940	0
1988942	0
1988947	0
1988937	0
1988941	0
1988949	0
1988920	0
1988945	0
1988946	0
1988948	0
1988951	0
1988954	0
1988963	0
1988964	0
1988962	0
1988967	0
1988976	0
1988925	0
1988973	0
1988977	0
1988985	0
1988992	0
1988966	0
1988983	0
1988979	0
1988990	0
1988997	0
1988988	0
1989004	0
1989005	0
1989010	0
1988991	0
1989019	0
1989024	0
1989008	0
1989017	0
1989022	0
1989006	0
1988974	0
1989026	0
1989035	0
1989040	0
1989002	0
1989032	0
1989042	0
1988998	0
1989023	0
1989038	0
1988909	0
1989054	0
1989050	0
1989039	0
1989031	0
1989044	0
1989065	0
1989059	0
1989066	0
1989068	0
1989075	0
1989051	0
1989053	0
1989061	0
1989086	0
1989082	0
1989076	0
1989092	0
1989045	0
1989069	0
1989064	0
1989095	0
1989093	0
1989101	0
1989100	0
1989096	0
1989081	0
1989091	0
1989108	0
1989126	0
1989104	0
1989125	0
1989085	0
1989083	0
1989142	0
1989116	0
1989057	0
1989078	0
1989143	0
1989133	0
1989135	0
1989136	0
1989150	0
1989146	0
1989107	0
1989151	0
1989155	0
1989154	0
1989167	0
1989153	0
1989156	0
1989164	0
1989113	0
1989158	0
1989120	0
1989174	0
1989166	0
1989170	0
1989121	0
1989180	0
1989169	0
1989189	0
1989183	0
1989194	0
1989195	0
1989187	0
1989205	0
1989190	0
1989199	0
1989208	0
1989214	0
1989216	0
1989191	0
1989117	0
1989221	0
1989210	0
1989217	0
1989229	0
1989212	0
1989171	0
1989242	0
1989237	0
1989247	0
1989233	0
1989241	0
1989223	0
1989249	0
1989243	0
1989228	0
1989265	0
1989256	0
1989258	0
1989276	0
1989274	0
1989277	0
1989248	0
1989283	0
1989259	0
1989284	0
1989261	0
1989291	0
1989160	0
1989286	0
1989278	0
1989292	0
1989219	0
1989297	0
1989294	0
1989302	0
1989308	0
1989316	0
1989314	0
1989272	0
1989304	0
1989329	0
1989320	0
1989298	0
1989309	0
1989313	0
1989340	0
1989332	0
1989343	0
1989339	0
1989346	0
1989344	0
1989354	0
1989321	0
1989356	0
1989300	0
1989366	0
1989360	0
1989358	0
1989350	0
1989353	0
1989345	0
1989361	0
1989367	0
1989374	0
1989375	0
1989371	0
1989369	0
1989377	0
1989404	0
1989376	0
1989378	0
1989384	0
1989380	0
1989393	0
1989403	0
1989402	0
1989399	0
1989389	0
1989418	0
1989362	0
1989390	0
1989428	0
1989409	0
1989405	0
1989425	0
1989401	0
1989398	0
1989436	0
1989420	0
1989447	0
1989395	0
1989440	0
1989434	0
1989438	0
1989435	0
1989441	0
1989446	0
1989461	0
1989422	0
1989452	0
1989454	0
1989417	0
1989464	0
1989481	0
1989472	0
1989473	0
1989474	0
1989490	0
1989465	0
1989493	0
1989406	0
1989489	0
1989483	0
1989487	0
1989480	0
1989497	0
1989466	0
1989445	0
1989506	0
1989494	0
1989486	0
1989504	0
1989500	0
1989519	0
1989496	0
1989520	0
1989503	0
1989515	0
1989509	0
1989525	0
1989517	0
1989526	0
1989516	0
1989527	0
1989498	0
1989535	0
1989533	0
1989538	0
1989532	0
1989534	0
1989512	0
1989541	0
1989521	0
1989544	0
1989545	0
1989568	0
1989542	0
1989549	0
1989547	0
1989553	0
1989556	0
1989551	0
1989569	0
1989573	0
1989581	0
1989584	0
1989579	0
1989599	0
1989562	0
1989577	0
1989582	0
1989588	0
1989585	0
1989601	0
1989587	0
1989558	0
1989606	0
1989609	0
1989605	0
1989614	0
1989597	0
1989622	0
1989619	0
1989618	0
1989615	0
1989592	0
1989552	0
1989639	0
1989620	0
1989633	0
1989636	0
1989626	0
1989635	0
1989637	0
1989640	0
1989627	0
1989646	0
1989648	0
1989643	0
1989656	0
1989644	0
1989652	0
1989658	0
1989655	0
1989657	0
1989651	0
1989660	0
1989672	0
1989665	0
1989677	0
1989661	0
1989673	0
1989664	0
1989670	0
1989671	0
1989674	0
1989669	0
1989634	0
1989682	0
1989678	0
1989692	0
1989711	0
1989681	0
1989694	0
1989707	0
1989689	0
1989702	0
1989714	0
1989704	0
1989710	0
1989722	0
1989721	0
1989735	0
1989725	0
1989709	0
1989691	0
1989738	0
1989730	0
1989744	0
1989741	0
1989726	0
1989719	0
1989748	0
1989759	0
1989729	0
1989757	0
1989753	0
1989752	0
1989754	0
1989774	0
1989775	0
1989773	0
1989756	0
1989758	0
1989776	0
1989782	0
1989766	0
1989025	0
1989779	0
1989750	0
1989784	0
1989786	0
1989793	0
1989811	0
1989799	0
1989746	0
1989797	0
1989820	0
1989795	0
1989814	0
1989807	0
1989785	0
1989818	0
1989808	0
1989803	0
1989834	0
1989787	0
1989696	0
1989822	0
1989830	0
1989813	0
1989832	0
1989843	0
1989794	0
1989838	0
1989833	0
1989837	0
1989855	0
1989852	0
1989839	0
1989848	0
1989863	0
1989857	0
1989877	0
1989856	0
1989865	0
1989873	0
1989861	0
1989840	0
1989868	0
1989859	0
1989874	0
1989853	0
1989875	0
1989871	0
1989899	0
1989889	0
1989885	0
1989895	0
1989881	0
1989896	0
1989910	0
1989907	0
1989915	0
1989908	0
1989904	0
1989879	0
1989882	0
1989906	0
1989924	0
1989920	0
1989937	0
1989884	0
1989933	0
1989926	0
1989892	0
1989940	0
1989944	0
1989943	0
1989956	0
1989952	0
1989902	0
1989945	0
1989955	0
1989948	0
1989967	0
1989911	0
1989953	0
1989975	0
1989964	0
1989905	0
1989957	0
1989968	0
1989979	0
1989946	0
1989919	0
1989972	0
1989976	0
1989984	0
1989923	0
1989974	0
1989986	0
1990003	0
1989963	0
1990011	0
1990001	0
1989993	0
1989959	0
1989996	0
1990004	0
1990012	0
1990013	0
1990014	0
1990019	0
1990018	0
1990025	0
1989954	0
1990017	0
1990031	0
1989864	0
1989980	0
1990039	0
1990028	0
1990036	0
1990033	0
1990023	0
1990040	0
1990063	0
1990047	0
1990062	0
1990053	0
1990044	0
1990052	0
1990046	0
1990056	0
1990059	0
1990073	0
1990054	0
1990055	0
1990071	0
1990066	0
1990081	0
1990079	0
1990080	0
1990027	0
1990069	0
1990098	0
1990107	0
1990110	0
1990102	0
1990095	0
1990090	0
1990118	0
1990113	0
1990092	0
1990087	0
1990116	0
1990120	0
1990125	0
1990114	0
1990101	0
1990131	0
1990117	0
1990064	0
1990133	0
1990058	0
1990134	0
1990146	0
1990132	0
1990130	0
1990148	0
1990136	0
1990152	0
1990144	0
1990156	0
1990153	0
1990160	0
1990165	0
1990149	0
1990163	0
1990147	0
1990099	0
1990123	0
1990158	0
1990175	0
1990169	0
1990171	0
1990183	0
1990173	0
1990188	0
1990172	0
1990185	0
1990180	0
1990142	0
1990187	0
1990202	0
1990203	0
1990189	0
1990214	0
1990220	0
1990206	0
1990208	0
1990209	0
1990216	0
1990218	0
1990239	0
1990212	0
1990231	0
1990238	0
1990243	0
1990246	0
1990245	0
1990240	0
1990213	0
1990242	0
1990252	0
1990249	0
1990217	0
1990247	0
1990250	0
1990251	0
1990228	0
1990256	0
1990271	0
1990248	0
1990260	0
1990262	0
1990264	0
1990276	0
1990257	0
1990281	0
1990274	0
1990300	0
1990285	0
1990201	0
1990284	0
1990296	0
1990286	0
1990301	0
1990305	0
1990292	0
1990321	0
1990309	0
1990304	0
1990302	0
1990291	0
1990253	0
1990325	0
1990320	0
1990330	0
1990316	0
1990322	0
1990341	0
1990326	0
1990328	0
1990346	0
1990283	0
1990294	0
1990340	0
1990329	0
1990334	0
1990344	0
1990352	0
1990345	0
1990327	0
1990354	0
1990337	0
1990358	0
1990215	0
1990335	0
1990359	0
1990361	0
1990356	0
1990360	0
1990363	0
1990379	0
1990366	0
1990389	0
1989157	0
1990368	0
1990384	0
1990392	0
1990393	0
1990374	0
1990385	0
1990391	0
1990394	0
1990398	0
1990407	0
1990349	0
1990399	0
1990336	0
1990408	0
1990406	0
1990403	0
1990405	0
1990409	0
1990423	0
1990416	0
1990414	0
1990427	0
1990431	0
1990422	0
1990417	0
1990419	0
1990428	0
1990424	0
1990440	0
1990445	0
1990436	0
1990429	0
1990443	0
1990439	0
1990434	0
1990448	0
1990450	0
1990461	0
1990418	0
1990447	0
1990469	0
1990456	0
1990430	0
1990472	0
1990466	0
1990441	0
1990457	0
1990415	0
1990480	0
1990475	0
1990471	0
1990476	0
1990376	0
1990483	0
1990489	0
1990481	0
1990487	0
1990488	0
1990468	0
1990479	0
1990492	0
1990498	0
1990463	0
1990501	0
1990464	0
1990494	0
1990513	0
1990500	0
1990505	0
1990521	0
1990510	0
1990511	0
1990496	0
1990528	0
1990522	0
1990518	0
1990515	0
1990526	0
1990525	0
1990531	0
1990533	0
1990484	0
1990541	0
1990539	0
1990499	0
1990538	0
1990540	0
1990529	0
1990547	0
1990537	0
1990548	0
1990545	0
1990554	0
1990561	0
1990546	0
1990569	0
1990543	0
1990563	0
1990566	0
1990570	0
1990585	0
1990576	0
1990580	0
1990565	0
1990582	0
1990605	0
1990588	0
1990602	0
1990614	0
1990618	0
1990597	0
1990615	0
1990610	0
1990611	0
1990465	0
1990613	0
1990607	0
1990626	0
1990603	0
1990596	0
1990606	0
1990629	0
1990592	0
1990623	0
1990577	0
1990643	0
1990646	0
1990648	0
1990647	0
1990644	0
1990651	0
1990660	0
1990661	0
1990620	0
1990663	0
1990672	0
1990638	0
1990675	0
1990683	0
1990680	0
1990690	0
1990687	0
1990617	0
1990681	0
1990697	0
1990693	0
1990692	0
1990695	0
1990688	0
1990694	0
1990669	0
1990627	0
1990699	0
1990708	0
1990701	0
1990706	0
1990700	0
1990707	0
1990722	0
1990711	0
1990712	0
1990727	0
1990719	0
1990698	0
1990732	0
1990718	0
1990721	0
1990713	0
1990734	0
1990737	0
1990742	0
1990744	0
1990746	0
1990738	0
1990751	0
1990755	0
1990762	0
1990759	0
1990767	0
1990773	0
1990769	0
1990766	0
1990757	0
1990747	0
1990765	0
1990774	0
1990804	0
1990784	0
1990772	0
1990771	0
1990781	0
1990778	0
1990806	0
1990764	0
1990779	0
1990799	0
1990812	0
1990797	0
1990798	0
1990813	0
1990793	0
1990796	0
1990807	0
1990794	0
1990817	0
1990814	0
1990821	0
1990805	0
1990823	0
1990844	0
1990839	0
1990834	0
1990828	0
1990845	0
1990819	0
1990827	0
1990831	0
1990849	0
1990851	0
1990838	0
1990854	0
1990842	0
1990858	0
1990824	0
1990862	0
1990846	0
1990852	0
1990855	0
1990847	0
1990856	0
1990848	0
1990866	0
1990877	0
1990872	0
1990875	0
1990868	0
1990869	0
1990876	0
1990879	0
1990864	0
1990883	0
1990880	0
1990884	0
1990895	0
1990901	0
1990894	0
1990887	0
1990896	0
1990873	0
1990903	0
1990909	0
1990910	0
1990815	0
1990908	0
1990898	0
1990902	0
1990892	0
1990917	0
1990915	0
1990886	0
1990922	0
1990924	0
1990925	0
1990913	0
1990930	0
1990929	0
1990921	0
1990933	0
1990931	0
1990938	0
1990946	0
1990927	0
1990939	0
1990951	0
1990943	0
1990940	0
1990949	0
1990920	0
1990961	0
1990975	0
1990974	0
1990936	0
1990973	0
1990953	0
1990955	0
1990941	0
1990976	0
1990972	0
1990977	0
1990962	0
1990966	0
1990965	0
1990964	0
1990978	0
1990981	0
1990987	0
1990971	0
1990985	0
1990979	0
1990986	0
1990996	0
1990989	0
1990952	0
1990997	0
1991008	0
1991004	0
1991011	0
1991002	0
1990992	0
1991025	0
1991010	0
1991028	0
1990994	0
1991042	0
1991020	0
1991040	0
1991037	0
1991019	0
1991038	0
1991044	0
1991022	0
1991056	0
1991045	0
1991046	0
1991051	0
1991043	0
1991070	0
1991066	0
1991071	0
1990956	0
1991073	0
1991060	0
1991085	0
1991074	0
1991086	0
1991090	0
1991080	0
1991100	0
1991059	0
1991092	0
1991075	0
1991106	0
1991096	0
1991094	0
1991058	0
1991110	0
1991107	0
1991098	0
1991103	0
1991128	0
1991114	0
1991108	0
1991116	0
1990859	0
1991126	0
1991125	0
1991133	0
1991120	0
1991135	0
1991152	0
1991168	0
1991160	0
1991143	0
1991175	0
1991167	0
1991099	0
1991183	0
1991151	0
1991169	0
1991171	0
1991109	0
1991184	0
1991179	0
1991190	0
1991177	0
1991186	0
1991196	0
1991185	0
1991199	0
1991188	0
1991187	0
1991193	0
1991200	0
1991206	0
1991217	0
1991202	0
1991208	0
1991195	0
1991220	0
1991226	0
1991215	0
1991165	0
1991214	0
1991230	0
1991231	0
1991221	0
1991198	0
1991234	0
1991238	0
1991242	0
1990870	0
1991236	0
1991248	0
1991251	0
1991241	0
1991250	0
1991260	0
1991243	0
1991265	0
1991256	0
1991235	0
1991261	0
1991263	0
1991216	0
1991249	0
1991262	0
1991270	0
1991273	0
1991258	0
1991276	0
1991237	0
1991294	0
1991289	0
1991277	0
1991257	0
1991284	0
1991245	0
1991297	0
1991326	0
1991301	0
1991325	0
1991310	0
1991315	0
1991323	0
1991334	0
1991322	0
1991337	0
1991290	0
1991330	0
1991274	0
1991344	0
1991345	0
1991347	0
1991354	0
1991357	0
1991367	0
1991356	0
1991365	0
1991366	0
1991377	0
1991359	0
1991343	0
1991374	0
1991360	0
1991363	0
1991395	0
1991380	0
1991388	0
1991392	0
1991336	0
1991320	0
1991376	0
1991384	0
1991387	0
1991390	0
1991398	0
1991400	0
1991399	0
1991418	0
1991393	0
1991402	0
1991407	0
1991403	0
1991409	0
1991415	0
1991412	0
1991428	0
1991429	0
1991421	0
1991425	0
1991420	0
1991404	0
1991423	0
1991434	0
1991431	0
1991437	0
1991436	0
1991446	0
1991432	0
1991439	0
1991438	0
1991452	0
1991451	0
1991449	0
1991413	0
1991457	0
1991441	0
1991455	0
1991445	0
1991456	0
1991464	0
1991461	0
1991462	0
1991470	0
1991459	0
1991487	0
1991467	0
1991482	0
1991460	0
1991430	0
1991469	0
1991489	0
1991496	0
1991480	0
1991484	0
1991485	0
1991492	0
1991493	0
1991491	0
1991508	0
1991498	0
1991505	0
1991507	0
1991526	0
1991500	0
1991506	0
1991516	0
1991517	0
1991523	0
1991527	0
1991521	0
1991530	0
1991534	0
1991528	0
1991544	0
1991538	0
1991504	0
1991546	0
1991539	0
1991553	0
1991537	0
1991557	0
1991551	0
1991547	0
1991513	0
1991554	0
1991556	0
1991548	0
1991541	0
1991571	0
1991575	0
1991583	0
1991567	0
1991574	0
1991561	0
1991591	0
1991569	0
1991578	0
1991588	0
1991580	0
1991572	0
1991586	0
1991562	0
1991558	0
1991587	0
1991535	0
1991585	0
1991601	0
1991603	0
1991602	0
1991594	0
1991581	0
1991607	0
1991614	0
1991590	0
1991612	0
1991624	0
1991608	0
1991611	0
1991622	0
1991604	0
1991628	0
1991621	0
1991625	0
1991641	0
1991630	0
1991627	0
1991615	0
1991616	0
1991639	0
1991629	0
1991651	0
1991653	0
1991643	0
1991660	0
1991620	0
1991656	0
1991661	0
1991657	0
1991632	0
1991642	0
1991662	0
1991655	0
1991664	0
1991647	0
1991676	0
1991668	0
1991650	0
1991636	0
1991672	0
1991669	0
1991675	0
1991678	0
1991644	0
1991674	0
1991688	0
1991701	0
1991697	0
1991693	0
1991692	0
1991679	0
1991698	0
1991712	0
1991717	0
1991711	0
1991689	0
1991728	0
1991724	0
1991721	0
1991713	0
1991648	0
1991737	0
1991673	0
1991703	0
1991708	0
1991729	0
1991740	0
1991738	0
1991734	0
1991743	0
1991751	0
1991716	0
1991744	0
1991755	0
1991775	0
1991764	0
1991756	0
1991765	0
1991776	0
1991766	0
1991769	0
1991695	0
1991753	0
1991779	0
1991783	0
1991736	0
1991771	0
1991788	0
1991810	0
1991781	0
1991731	0
1991814	0
1991796	0
1991797	0
1991823	0
1991819	0
1991778	0
1991826	0
1991746	0
1991807	0
1991818	0
1991832	0
1991842	0
1991836	0
1991843	0
1991829	0
1991835	0
1991834	0
1991831	0
1991841	0
1991858	0
1991827	0
1991845	0
1991844	0
1991798	0
1991840	0
1991857	0
1991855	0
1991859	0
1991856	0
1991872	0
1991871	0
1991873	0
1991890	0
1991879	0
1991876	0
1991875	0
1991886	0
1991839	0
1991854	0
1991881	0
1991893	0
1991787	0
1991887	0
1991891	0
1991900	0
1991878	0
1991901	0
1991903	0
1991896	0
1991913	0
1991905	0
1991926	0
1991914	0
1991922	0
1991904	0
1991908	0
1991929	0
1991883	0
1991935	0
1991938	0
1991937	0
1991936	0
1991939	0
1991520	0
1991943	0
1991933	0
1991930	0
1991950	0
1991925	0
1991961	0
1991964	0
1991928	0
1991962	0
1991958	0
1991968	0
1991959	0
1991944	0
1991967	0
1991984	0
1991979	0
1991973	0
1991975	0
1992002	0
1991992	0
1992007	0
1991995	0
1991954	0
1991993	0
1991945	0
1991996	0
1991998	0
1992004	0
1992013	0
1992014	0
1992016	0
1992011	0
1992033	0
1992012	0
1992032	0
1992021	0
1992040	0
1992020	0
1992024	0
1992044	0
1992026	0
1992049	0
1992059	0
1992054	0
1992043	0
1991988	0
1992062	0
1992064	0
1992056	0
1992067	0
1991971	0
1992069	0
1992005	0
1992048	0
1992061	0
1992075	0
1992087	0
1992034	0
1992079	0
1992077	0
1992081	0
1992084	0
1992080	0
1992097	0
1992096	0
1992102	0
1992037	0
1992099	0
1992088	0
1992092	0
1992104	0
1992093	0
1992098	0
1992106	0
1992125	0
1992101	0
1992103	0
1992123	0
1992105	0
1992115	0
1992120	0
1992122	0
1992129	0
1992127	0
1992126	0
1992130	0
1992131	0
1992142	0
1992156	0
1992134	0
1992133	0
1992159	0
1992086	0
1992166	0
1992141	0
1992155	0
1992172	0
1992121	0
1992160	0
1992165	0
1992117	0
1992177	0
1992175	0
1992167	0
1992162	0
1992185	0
1992176	0
1992186	0
1992178	0
1992152	0
1992174	0
1992143	0
1992184	0
1992194	0
1992188	0
1992180	0
1992187	0
1992200	0
1992195	0
1992199	0
1992202	0
1992207	0
1992193	0
1992151	0
1992210	0
1992201	0
1992197	0
1992203	0
1992220	0
1992209	0
1992212	0
1992225	0
1992189	0
1992183	0
1992224	0
1992227	0
1992204	0
1992223	0
1992219	0
1992235	0
1992237	0
1992234	0
1992236	0
1992238	0
1992250	0
1992230	0
1992257	0
1992248	0
1992247	0
1992256	0
1992261	0
1992253	0
1992265	0
1992272	0
1992263	0
1992268	0
1992264	0
1992275	0
1992279	0
1992297	0
1992281	0
1992283	0
1992298	0
1992295	0
1992273	0
1992243	0
1992296	0
1992300	0
1992198	0
1992305	0
1992306	0
1992312	0
1992304	0
1992302	0
1992324	0
1992335	0
1992327	0
1992332	0
1992313	0
1992330	0
1992343	0
1992337	0
1992348	0
1992323	0
1992353	0
1992359	0
1992349	0
1992316	0
1992320	0
1991727	0
1992350	0
1992360	0
1992357	0
1992369	0
1992356	0
1992338	0
1992365	0
1992366	0
1992367	0
1992374	0
1992368	0
1992371	0
1992384	0
1992370	0
1992373	0
1992381	0
1992358	0
1992390	0
1992388	0
1992391	0
1992385	0
1992379	0
1992393	0
1990438	0
1992352	0
1992399	0
1992408	0
1992400	0
1992396	0
1992427	0
1992405	0
1992280	0
1992418	0
1992413	0
1992438	0
1992375	0
1992426	0
1992425	0
1992431	0
1992435	0
1992442	0
1992421	0
1992412	0
1992440	0
1992449	0
1992454	0
1992439	0
1992463	0
1992446	0
1992457	0
1992450	0
1992420	0
1992456	0
1992464	0
1992475	0
1992458	0
1992479	0
1992477	0
1992478	0
1992415	0
1992485	0
1992441	0
1992482	0
1992433	0
1992461	0
1992487	0
1992517	0
1992500	0
1992510	0
1992508	0
1992519	0
1992467	0
1992498	0
1992524	0
1992514	0
1992512	0
1992518	0
1992521	0
1992520	0
1992522	0
1992526	0
1992536	0
1992533	0
1992532	0
1992511	0
1992530	0
1992525	0
1992535	0
1992552	0
1992546	0
1992531	0
1992553	0
1992537	0
1992556	0
1992566	0
1992562	0
1992560	0
1992494	0
1992534	0
1992569	0
1992570	0
1992574	0
1992580	0
1992573	0
1992571	0
1992585	0
1992586	0
1992588	0
1992575	0
1992579	0
1992567	0
1992594	0
1992597	0
1992606	0
1992589	0
1992554	0
1992620	0
1992603	0
1992545	0
1992612	0
1992540	0
1992605	0
1992602	0
1992611	0
1992621	0
1992631	0
1992615	0
1992626	0
1992632	0
1992635	0
1992630	0
1992633	0
1992617	0
1992642	0
1992652	0
1992643	0
1992647	0
1992645	0
1992637	0
1992639	0
1992655	0
1992656	0
1992662	0
1992654	0
1992665	0
1992661	0
1992668	0
1992683	0
1992672	0
1992698	0
1992667	0
1992674	0
1992619	0
1992689	0
1992692	0
1992685	0
1992691	0
1992690	0
1992711	0
1992700	0
1992710	0
1992694	0
1992703	0
1992684	0
1992708	0
1992695	0
1992725	0
1992718	0
1992727	0
1992728	0
1992736	0
1992730	0
1992729	0
1992732	0
1992724	0
1992735	0
1992734	0
1992740	0
1992726	0
1992741	0
1992738	0
1992755	0
1992705	0
1992754	0
1992742	0
1992748	0
1992752	0
1992763	0
1992759	0
1992750	0
1992715	0
1992770	0
1992764	0
1992774	0
1992767	0
1992765	0
1992788	0
1992772	0
1992719	0
1992771	0
1992799	0
1992782	0
1991061	0
1992808	0
1992790	0
1992807	0
1992810	0
1992747	0
1992812	0
1992819	0
1992827	0
1992816	0
1992838	0
1992818	0
1992826	0
1992825	0
1992739	0
1992814	0
1992840	0
1992857	0
1992862	0
1992852	0
1992848	0
1992847	0
1992845	0
1992870	0
1992872	0
1992883	0
1992877	0
1992871	0
1992881	0
1992886	0
1992890	0
1992896	0
1992880	0
1992893	0
1992874	0
1992800	0
1992898	0
1992894	0
1992915	0
1992878	0
1992884	0
1992908	0
1992900	0
1992912	0
1992910	0
1992906	0
1992670	0
1992913	0
1992909	0
1992916	0
1992924	0
1992919	0
1992918	0
1992930	0
1992937	0
1992914	0
1992917	0
1992932	0
1992926	0
1992940	0
1992928	0
1992946	0
1992936	0
1992953	0
1992950	0
1992935	0
1992949	0
1992945	0
1992970	0
1992968	0
1992956	0
1992972	0
1992966	0
1992955	0
1992938	0
1992954	0
1992982	0
1992975	0
1992989	0
1992977	0
1993010	0
1993008	0
1993003	0
1993006	0
1993005	0
1992992	0
1992996	0
1992978	0
1992997	0
1993016	0
1993022	0
1993030	0
1993043	0
1993020	0
1993019	0
1992994	0
1993050	0
1993012	0
1993036	0
1993044	0
1993047	0
1993048	0
1993053	0
1993051	0
1993052	0
1993059	0
1993072	0
1993069	0
1993065	0
1993060	0
1993054	0
1993034	0
1993071	0
1993086	0
1993082	0
1993089	0
1993039	0
1993085	0
1993049	0
1993096	0
1993093	0
1993091	0
1993066	0
1993037	0
1993099	0
1993088	0
1993094	0
1993083	0
1993068	0
1993103	0
1993107	0
1993106	0
1993097	0
1993070	0
1993095	0
1993125	0
1993114	0
1993112	0
1993116	0
1993130	0
1993124	0
1993148	0
1993075	0
1993128	0
1993137	0
1993138	0
1993140	0
1993104	0
1993129	0
1993135	0
1993152	0
1993159	0
1993155	0
1993141	0
1993133	0
1993157	0
1993119	0
1993175	0
1993165	0
1993168	0
1993158	0
1993163	0
1993160	0
1993173	0
1993177	0
1993185	0
1993153	0
1993161	0
1993181	0
1993180	0
1993123	0
1993191	0
1993194	0
1993189	0
1993167	0
1993197	0
1993193	0
1993200	0
1993209	0
1993208	0
1993219	0
1993201	0
1993211	0
1993203	0
1993214	0
1993217	0
1993207	0
1993212	0
1993210	0
1993224	0
1993183	0
1993229	0
1993223	0
1993230	0
1993225	0
1993234	0
1993232	0
1993243	0
1993240	0
1993196	0
1993237	0
1993247	0
1993244	0
1993248	0
1993255	0
1993231	0
1993266	0
1993256	0
1993265	0
1993259	0
1993276	0
1993264	0
1993270	0
1993213	0
1993262	0
1993269	0
1993298	0
1993278	0
1993236	0
1993277	0
1993252	0
1993297	0
1993279	0
1993251	0
1993291	0
1993287	0
1993299	0
1993306	0
1993314	0
1993308	0
1993301	0
1993311	0
1993295	0
1993303	0
1993304	0
1993330	0
1993320	0
1993322	0
1993332	0
1993324	0
1993300	0
1993346	0
1993328	0
1993313	0
1993339	0
1993281	0
1993340	0
1993353	0
1993342	0
1993334	0
1993348	0
1993345	0
1993360	0
1993350	0
1993367	0
1993358	0
1993344	0
1993361	0
1993364	0
1993368	0
1993329	0
1993366	0
1993369	0
1993372	0
1993370	0
1993379	0
1993382	0
1993373	0
1993362	0
1993381	0
1993390	0
1993380	0
1993385	0
1993386	0
1993388	0
1993406	0
1993393	0
1993402	0
1993396	0
1993403	0
1993349	0
1993414	0
1993422	0
1993420	0
1993410	0
1993421	0
1993425	0
1993416	0
1993377	0
1993430	0
1993441	0
1993440	0
1993446	0
1993375	0
1993436	0
1993449	0
1993443	0
1993442	0
1993452	0
1993433	0
1993451	0
1993460	0
1993456	0
1993458	0
1993447	0
1993465	0
1993476	0
1993474	0
1993473	0
1993468	0
1993464	0
1993463	0
1993467	0
1993478	0
1993419	0
1993477	0
1993483	0
1993481	0
1993488	0
1993485	0
1993493	0
1993502	0
1993455	0
1993495	0
1993489	0
1993439	0
1993501	0
1993491	0
1993509	0
1993513	0
1993507	0
1993497	0
1993510	0
1993519	0
1993528	0
1993518	0
1993525	0
1993508	0
1993520	0
1993524	0
1993490	0
1993534	0
1993540	0
1993544	0
1993521	0
1993535	0
1993516	0
1993545	0
1993529	0
1993494	0
1993548	0
1993557	0
1993530	0
1993536	0
1993564	0
1993553	0
1993539	0
1993571	0
1993573	0
1993559	0
1993567	0
1993575	0
1993583	0
1993578	0
1993561	0
1993591	0
1993582	0
1993560	0
1993594	0
1993589	0
1993577	0
1993592	0
1993588	0
1993585	0
1993597	0
1993586	0
1993610	0
1993593	0
1993604	0
1993608	0
1993603	0
1993615	0
1993609	0
1993563	0
1993599	0
1993617	0
1993625	0
1993611	0
1993614	0
1993619	0
1993621	0
1993632	0
1993629	0
1993640	0
1993626	0
1993631	0
1993628	0
1993633	0
1993639	0
1993641	0
1993647	0
1993638	0
1993581	0
1993595	0
1993670	0
1993652	0
1993656	0
1993661	0
1993667	0
1993671	0
1993681	0
1993691	0
1993675	0
1993680	0
1993677	0
1993686	0
1993688	0
1993690	0
1993684	0
1993695	0
1993645	0
1993649	0
1993697	0
1993694	0
1993693	0
1993692	0
1993699	0
1993716	0
1993689	0
1993637	0
1993715	0
1993653	0
1993709	0
1993720	0
1993728	0
1993723	0
1993687	0
1993706	0
1993710	0
1993731	0
1993737	0
1993736	0
1993719	0
1993738	0
1993735	0
1993741	0
1993747	0
1993733	0
1993739	0
1993750	0
1993751	0
1993755	0
1993758	0
1993734	0
1993748	0
1993752	0
1993756	0
1993764	0
1993772	0
1993781	0
1993785	0
1993749	0
1993700	0
1993783	0
1993765	0
1993770	0
1993784	0
1993793	0
1993775	0
1993791	0
1993787	0
1993792	0
1993767	0
1993805	0
1993780	0
1993745	0
1993789	0
1993794	0
1993798	0
1993810	0
1993812	0
1993774	0
1993776	0
1993815	0
1993822	0
1993814	0
1993813	0
1993830	0
1993824	0
1993804	0
1993827	0
1993831	0
1993829	0
1993826	0
1993834	0
1993823	0
1993768	0
1993832	0
1993843	0
1993842	0
1993838	0
1993844	0
1993845	0
1993854	0
1993851	0
1993799	0
1993797	0
1993846	0
1993828	0
1993835	0
1993848	0
1993862	0
1993852	0
1993874	0
1993879	0
1993877	0
1993864	0
1993865	0
1993872	0
1993885	0
1993856	0
1993889	0
1993880	0
1993893	0
1993887	0
1993866	0
1993892	0
1993902	0
1993903	0
1993899	0
1993894	0
1993909	0
1993912	0
1993901	0
1993911	0
1993917	0
1993896	0
1993916	0
1993900	0
1993927	0
1993930	0
1993924	0
1993925	0
1993904	0
1993928	0
1993937	0
1993931	0
1993943	0
1993942	0
1993944	0
1993940	0
1993945	0
1993947	0
1993898	0
1993951	0
1993946	0
1993956	0
1993955	0
1993962	0
1993936	0
1993964	0
1993971	0
1993959	0
1993960	0
1993977	0
1993958	0
1993963	0
1993957	0
1993979	0
1993982	0
1993993	0
1994001	0
1993989	0
1993970	0
1994007	0
1994004	0
1993997	0
1994012	0
1994003	0
1994006	0
1994010	0
1994005	0
1994008	0
1994019	0
1993995	0
1993938	0
1994018	0
1994037	0
1994022	0
1994021	0
1994014	0
1994024	0
1994041	0
1994013	0
1994039	0
1994030	0
1993980	0
1994040	0
1994045	0
1994047	0
1994055	0
1994044	0
1994057	0
1994056	0
1994051	0
1994062	0
1994065	0
1994060	0
1994059	0
1994043	0
1994070	0
1994076	0
1994066	0
1994080	0
1994074	0
1994068	0
1994083	0
1994097	0
1994090	0
1994094	0
1994087	0
1994072	0
1994093	0
1994107	0
1994033	0
1994108	0
1994100	0
1994046	0
1994103	0
1994099	0
1994120	0
1994115	0
1994114	0
1994104	0
1994127	0
1994124	0
1994123	0
1994119	0
1994126	0
1994130	0
1994113	0
1994134	0
1994122	0
1994135	0
1994136	0
1994137	0
1994148	0
1994146	0
1994131	0
1994140	0
1994151	0
1994096	0
1994157	0
1994147	0
1994155	0
1994150	0
1994105	0
1994159	0
1994154	0
1994156	0
1994165	0
1994170	0
1994168	0
1994179	0
1994192	0
1994183	0
1994167	0
1994182	0
1994187	0
1994181	0
1994191	0
1994186	0
1994206	0
1994202	0
1994200	0
1994193	0
1994224	0
1994198	0
1994227	0
1994210	0
1994180	0
1994233	0
1994228	0
1994173	0
1994225	0
1994232	0
1994215	0
1994203	0
1994236	0
1994214	0
1994242	0
1994263	0
1994261	0
1994246	0
1994243	0
1994264	0
1994250	0
1994277	0
1994270	0
1994259	0
1994281	0
1994220	0
1994276	0
1994274	0
1994283	0
1994293	0
1994289	0
1994249	0
1994286	0
1994208	0
1994299	0
1994287	0
1994298	0
1994301	0
1994273	0
1994319	0
1994304	0
1994307	0
1994296	0
1994334	0
1993233	0
1994313	0
1994325	0
1994324	0
1994328	0
1994311	0
1994346	0
1994348	0
1994300	0
1994344	0
1994330	0
1994329	0
1994332	0
1994343	0
1994353	0
1994342	0
1994350	0
1994331	0
1994359	0
1994351	0
1994354	0
1994363	0
1994316	0
1994347	0
1994364	0
1994349	0
1994368	0
1994365	0
1994336	0
1994335	0
1994372	0
1994352	0
1994382	0
1994376	0
1994384	0
1994370	0
1994360	0
1994375	0
1994399	0
1994380	0
1994393	0
1994391	0
1994396	0
1994413	0
1994358	0
1994402	0
1994401	0
1994410	0
1994405	0
1994408	0
1994403	0
1994428	0
1994412	0
1994425	0
1994400	0
1994379	0
1994432	0
1994434	0
1994439	0
1994383	0
1994406	0
1994435	0
1994442	0
1994414	0
1994446	0
1994465	0
1994450	0
1994454	0
1994443	0
1994418	0
1994458	0
1994464	0
1994472	0
1994395	0
1994466	0
1994436	0
1994459	0
1994471	0
1994468	0
1994477	0
1994474	0
1994420	0
1994467	0
1994492	0
1994483	0
1994429	0
1994504	0
1994473	0
1994460	0
1994499	0
1994497	0
1994510	0
1994452	0
1994526	0
1994463	0
1994495	0
1994485	0
1994536	0
1994494	0
1994525	0
1994445	0
1994535	0
1994533	0
1994537	0
1994534	0
1994501	0
1994543	0
1994524	0
1994551	0
1994486	0
1994552	0
1994547	0
1994540	0
1994520	0
1994516	0
1994556	0
1994550	0
1994580	0
1994539	0
1994548	0
1994558	0
1994571	0
1994564	0
1994570	0
1994583	0
1994563	0
1994568	0
1994584	0
1994574	0
1994560	0
1994595	0
1994577	0
1994598	0
1994549	0
1994562	0
1994597	0
1994604	0
1994588	0
1994606	0
1994572	0
1994602	0
1994601	0
1994605	0
1994593	0
1994617	0
1994611	0
1994622	0
1994609	0
1994612	0
1994608	0
1994607	0
1994625	0
1994594	0
1994630	0
1994610	0
1994603	0
1994629	0
1994621	0
1994631	0
1994633	0
1994620	0
1994635	0
1994645	0
1994639	0
1994642	0
1994623	0
1994632	0
1994650	0
1994638	0
1994655	0
1994644	0
1994658	0
1994648	0
1994662	0
1994668	0
1994674	0
1994664	0
1994652	0
1994677	0
1994682	0
1994596	0
1994640	0
1994679	0
1994676	0
1994651	0
1994673	0
1994670	0
1994686	0
1994689	0
1994690	0
1994696	0
1994699	0
1994706	0
1994683	0
1994700	0
1994703	0
1994721	0
1994714	0
1994665	0
1994719	0
1994659	0
1994691	0
1994723	0
1994480	0
1994743	0
1994730	0
1994731	0
1994741	0
1994726	0
1994754	0
1994744	0
1994705	0
1994738	0
1994710	0
1994755	0
1994760	0
1994763	0
1994757	0
1994753	0
1994772	0
1994781	0
1994756	0
1994779	0
1994780	0
1994672	0
1994786	0
1994768	0
1994798	0
1994725	0
1994789	0
1994793	0
1994809	0
1994804	0
1994746	0
1994799	0
1994759	0
1994811	0
1994782	0
1994817	0
1994800	0
1994801	0
1994819	0
1994831	0
1994805	0
1994764	0
1994816	0
1994820	0
1994838	0
1994771	0
1994840	0
1994824	0
1994852	0
1994841	0
1994853	0
1994818	0
1994847	0
1994850	0
1994810	0
1994848	0
1994856	0
1994862	0
1994859	0
1994843	0
1994867	0
1994870	0
1994880	0
1994833	0
1994873	0
1994846	0
1994855	0
1994875	0
1994879	0
1994884	0
1994874	0
1994839	0
1994860	0
1994886	0
1994866	0
1994897	0
1994901	0
1994861	0
1994906	0
1994902	0
1994899	0
1994905	0
1994923	0
1994882	0
1994889	0
1994931	0
1994907	0
1994917	0
1994911	0
1994910	0
1994935	0
1994904	0
1994927	0
1994940	0
1994933	0
1994932	0
1994937	0
1994939	0
1994930	0
1994934	0
1994943	0
1994936	0
1994909	0
1994960	0
1994944	0
1994954	0
1994949	0
1994953	0
1994961	0
1994964	0
1994950	0
1994963	0
1994956	0
1994971	0
1994965	0
1994969	0
1994975	0
1994966	0
1994896	0
1994974	0
1994972	0
1994979	0
1994976	0
1994984	0
1994968	0
1994980	0
1994983	0
1994992	0
1995002	0
1994994	0
1994985	0
1994996	0
1995005	0
1995014	0
1994991	0
1994951	0
1995032	0
1994982	0
1995020	0
1995012	0
1995034	0
1995023	0
1994989	0
1995036	0
1995031	0
1995035	0
1995025	0
1995024	0
1995040	0
1995011	0
1995042	0
1995038	0
1995018	0
1995046	0
1995053	0
1995051	0
1995066	0
1995075	0
1995071	0
1995058	0
1995076	0
1995052	0
1994981	0
1995049	0
1995084	0
1995081	0
1995088	0
1995091	0
1995043	0
1995082	0
1995098	0
1995078	0
1995100	0
1995073	0
1995108	0
1995103	0
1995109	0
1995110	0
1995101	0
1995083	0
1995099	0
1995116	0
1995080	0
1995113	0
1995125	0
1995123	0
1995130	0
1995126	0
1995106	0
1995089	0
1995136	0
1995112	0
1995085	0
1995127	0
1995122	0
1995133	0
1995143	0
1995153	0
1995137	0
1995158	0
1995156	0
1995170	0
1995119	0
1995166	0
1995161	0
1995165	0
1995175	0
1995168	0
1995131	0
1995176	0
1995177	0
1995171	0
1995181	0
1995179	0
1995149	0
1995190	0
1995134	0
1995184	0
1995178	0
1995192	0
1995207	0
1995189	0
1995194	0
1995193	0
1995206	0
1995209	0
1995169	0
1995232	0
1995234	0
1995214	0
1995228	0
1995236	0
1995211	0
1995231	0
1995241	0
1995240	0
1995218	0
1995244	0
1995256	0
1995248	0
1995257	0
1995205	0
1995259	0
1995235	0
1995249	0
1995262	0
1995274	0
1995267	0
1995270	0
1995263	0
1995276	0
1995200	0
1995286	0
1995269	0
1995229	0
1995284	0
1995264	0
1995289	0
1995275	0
1995287	0
1995292	0
1995305	0
1995304	0
1995302	0
1995306	0
1995309	0
1995308	0
1995307	0
1995280	0
1995313	0
1995316	0
1995310	0
1995318	0
1995311	0
1995327	0
1995294	0
1995285	0
1995324	0
1995290	0
1995335	0
1995334	0
1995293	0
1995332	0
1995340	0
1995344	0
1995345	0
1995350	0
1995352	0
1995359	0
1995347	0
1995354	0
1995349	0
1995357	0
1995358	0
1995365	0
1995373	0
1995355	0
1995361	0
1995367	0
1995336	0
1995382	0
1995378	0
1995390	0
1995371	0
1995353	0
1995383	0
1995388	0
1995400	0
1995394	0
1995401	0
1995389	0
1995416	0
1995402	0
1995422	0
1995415	0
1995407	0
1995428	0
1995405	0
1995426	0
1995435	0
1995437	0
1995431	0
1995433	0
1995356	0
1995447	0
1995446	0
1995442	0
1995424	0
1995443	0
1995453	0
1995449	0
1995450	0
1995385	0
1995448	0
1995458	0
1995452	0
1995457	0
1995460	0
1995455	0
1995469	0
1995478	0
1995481	0
1995479	0
1995472	0
1995463	0
1995475	0
1995454	0
1995473	0
1995476	0
1995484	0
1995482	0
1995485	0
1995495	0
1995487	0
1995492	0
1995502	0
1995488	0
1995493	0
1995496	0
1995508	0
1995501	0
1995512	0
1995498	0
1995499	0
1995506	0
1995511	0
1995514	0
1995480	0
1995520	0
1995523	0
1995529	0
1995489	0
1995532	0
1995535	0
1995533	0
1995552	0
1995517	0
1995546	0
1995538	0
1995558	0
1995561	0
1995531	0
1995567	0
1995553	0
1995549	0
1995536	0
1995571	0
1995566	0
1995577	0
1995578	0
1995579	0
1995580	0
1995586	0
1995534	0
1995576	0
1995592	0
1995582	0
1995593	0
1995585	0
1995595	0
1995600	0
1995588	0
1995568	0
1995603	0
1995596	0
1995606	0
1995623	0
1995589	0
1995614	0
1995624	0
1995587	0
1995629	0
1995604	0
1995594	0
1995625	0
1995617	0
1995622	0
1995632	0
1995626	0
1995637	0
1995598	0
1995635	0
1995654	0
1995650	0
1995634	0
1995642	0
1995619	0
1995639	0
1995663	0
1995668	0
1995657	0
1995652	0
1995665	0
1995630	0
1995641	0
1995647	0
1995673	0
1995656	0
1995661	0
1995664	0
1995679	0
1995620	0
1995676	0
1995674	0
1995682	0
1995683	0
1995660	0
1995689	0
1995680	0
1995678	0
1995677	0
1995696	0
1995671	0
1995684	0
1995693	0
1995685	0
1995691	0
1995687	0
1995720	0
1995760	0
1995762	0
1995763	0
1995773	0
1995738	0
1995768	0
1995782	0
1995772	0
1995778	0
1995761	0
1995791	0
1995787	0
1995796	0
1995794	0
1995769	0
1995780	0
1995798	0
1995789	0
1995790	0
1995799	0
1995806	0
1995809	0
1995812	0
1995810	0
1995802	0
1995805	0
1995815	0
1995821	0
1995824	0
1995813	0
1995811	0
1995819	0
1995835	0
1995833	0
1995801	0
1995832	0
1995803	0
1995830	0
1995847	0
1995846	0
1995841	0
1995836	0
1995843	0
1995822	0
1995850	0
1995808	0
1995837	0
1995852	0
1995853	0
1995844	0
1995863	0
1995856	0
1995860	0
1995857	0
1995845	0
1995865	0
1995840	0
1995849	0
1995864	0
1995875	0
1995871	0
1995874	0
1995868	0
1995882	0
1995896	0
1995887	0
1995838	0
1995873	0
1995893	0
1995881	0
1995861	0
1995862	0
1995898	0
1995911	0
1995916	0
1995918	0
1995922	0
1995902	0
1995897	0
1995914	0
1995915	0
1995877	0
1995894	0
1995931	0
1995926	0
1995928	0
1995900	0
1995901	0
1995934	0
1995932	0
1995933	0
1995937	0
1995938	0
1995936	0
1995942	0
1995956	0
1995958	0
1995960	0
1995951	0
1995967	0
1995955	0
1995969	0
1995970	0
1995962	0
1995961	0
1995963	0
1995989	0
1995945	0
1995990	0
1995965	0
1995919	0
1995977	0
1995993	0
1995992	0
1996006	0
1995987	0
1995946	0
1996009	0
1995995	0
1996017	0
1996002	0
1996027	0
1996025	0
1996023	0
1995983	0
1996016	0
1996004	0
1995985	0
1996035	0
1996038	0
1996054	0
1996046	0
1995991	0
1996053	0
1996008	0
1996013	0
1996042	0
1996040	0
1996066	0
1996039	0
1996063	0
1996041	0
1996049	0
1996052	0
1996055	0
1996088	0
1996062	0
1996047	0
1996073	0
1996090	0
1996068	0
1996100	0
1996098	0
1996065	0
1996106	0
1996080	0
1996120	0
1996128	0
1996117	0
1996112	0
1996129	0
1996094	0
1996126	0
1996134	0
1996093	0
1996095	0
1996102	0
1996140	0
1996143	0
1996130	0
1996148	0
1996141	0
1996115	0
1996122	0
1996127	0
1996123	0
1996158	0
1996157	0
1996152	0
1996153	0
1996163	0
1996147	0
1996151	0
1996175	0
1996150	0
1996161	0
1996176	0
1996171	0
1996139	0
1996179	0
1996170	0
1996169	0
1996174	0
1996156	0
1996181	0
1996187	0
1996186	0
1996162	0
1996197	0
1996188	0
1996201	0
1996155	0
1996202	0
1996204	0
1996206	0
1996211	0
1996209	0
1996192	0
1996208	0
1996182	0
1996212	0
1996189	0
1996219	0
1996193	0
1996195	0
1996228	0
1996221	0
1996200	0
1996183	0
1996238	0
1996229	0
1996220	0
1996210	0
1996243	0
1996213	0
1996254	0
1996252	0
1996236	0
1996250	0
1996227	0
1996242	0
1996244	0
1996253	0
1996224	0
1996259	0
1996272	0
1996267	0
1996280	0
1996274	0
1996263	0
1996273	0
1996256	0
1996284	0
1996290	0
1996281	0
1996283	0
1996293	0
1996258	0
1996294	0
1996275	0
1996303	0
1996300	0
1996249	0
1996301	0
1996309	0
1996308	0
1996260	0
1996317	0
1996329	0
1996305	0
1996316	0
1996318	0
1996324	0
1996332	0
1996320	0
1996330	0
1996343	0
1996336	0
1996340	0
1996361	0
1996348	0
1996345	0
1996347	0
1996364	0
1996355	0
1996373	0
1996297	0
1996354	0
1996363	0
1996365	0
1996358	0
1996360	0
1996370	0
1996368	0
1996386	0
1996382	0
1996376	0
1996377	0
1996349	0
1996375	0
1996390	0
1996394	0
1996404	0
1996371	0
1996385	0
1996411	0
1996402	0
1996410	0
1996378	0
1996423	0
1996431	0
1996393	0
1996387	0
1996412	0
1996416	0
1996398	0
1996422	0
1996434	0
1996433	0
1996425	0
1996408	0
1996449	0
1996417	0
1996443	0
1996456	0
1996445	0
1996454	0
1996435	0
1996458	0
1996432	0
1996453	0
1996457	0
1996436	0
1996473	0
1996455	0
1996482	0
1996447	0
1996460	0
1996480	0
1996439	0
1996461	0
1996479	0
1996476	0
1996484	0
1996452	0
1996489	0
1996490	0
1996466	0
1996501	0
1996493	0
1996485	0
1996505	0
1996495	0
1996478	0
1996510	0
1996497	0
1996474	0
1996491	0
1996508	0
1996486	0
1996502	0
1996527	0
1996496	0
1996522	0
1996531	0
1996535	0
1996514	0
1996513	0
1996516	0
1996537	0
1996500	0
1996541	0
1996529	0
1996540	0
1996523	0
1996534	0
1996524	0
1996542	0
1996511	0
1996552	0
1996549	0
1996557	0
1996560	0
1996521	0
1996564	0
1996568	0
1996567	0
1996571	0
1996553	0
1996569	0
1996538	0
1996533	0
1996581	0
1996573	0
1996472	0
1996580	0
1996582	0
1996590	0
1996570	0
1996577	0
1996597	0
1996583	0
1996591	0
1996576	0
1996592	0
1996578	0
1996596	0
1996598	0
1996604	0
1996574	0
1996612	0
1996595	0
1996605	0
1996614	0
1996603	0
1996602	0
1996609	0
1996588	0
1996615	0
1996599	0
1996618	0
1996608	0
1996624	0
1996622	0
1996628	0
1996625	0
1996640	0
1996630	0
1996607	0
1996637	0
1996611	0
1996652	0
1996616	0
1996658	0
1996644	0
1996655	0
1996645	0
1996641	0
1996635	0
1996647	0
1996671	0
1996653	0
1996646	0
1996669	0
1996685	0
1996678	0
1996675	0
1996682	0
1996654	0
1996659	0
1996693	0
1996665	0
1996691	0
1996672	0
1996702	0
1996692	0
1996705	0
1996676	0
1996704	0
1996714	0
1996703	0
1996707	0
1996722	0
1996721	0
1996716	0
1996731	0
1996725	0
1996711	0
1996732	0
1996734	0
1996690	0
1996737	0
1996756	0
1996740	0
1996733	0
1996752	0
1996724	0
1996742	0
1996755	0
1996759	0
1996753	0
1996762	0
1996735	0
1996749	0
1996743	0
1996750	0
1996766	0
1996763	0
1996758	0
1996769	0
1996770	0
1996780	0
1996789	0
1996790	0
1996805	0
1996803	0
1996771	0
1996765	0
1996797	0
1996795	0
1996815	0
1996785	0
1996775	0
1996812	0
1996817	0
1996818	0
1996813	0
1996821	0
1996809	0
1996830	0
1996827	0
1996822	0
1996834	0
1996820	0
1996810	0
1996833	0
1996836	0
1996842	0
1996814	0
1996837	0
1996838	0
1996841	0
1996828	0
1996847	0
1996851	0
1996840	0
1996829	0
1996855	0
1996861	0
1996866	0
1996857	0
1996839	0
1996853	0
1996845	0
1996867	0
1996874	0
1996846	0
1996850	0
1996848	0
1996852	0
1996873	0
1996879	0
1996887	0
1996889	0
1996877	0
1996891	0
1996856	0
1996892	0
1996894	0
1996880	0
1996865	0
1996898	0
1996908	0
1996907	0
1996913	0
1996904	0
1996902	0
1996923	0
1996915	0
1996893	0
1996906	0
1996912	0
1996926	0
1996903	0
1996917	0
1996927	0
1996921	0
1996909	0
1996922	0
1996920	0
1996916	0
1996943	0
1996928	0
1996935	0
1996945	0
1996933	0
1996938	0
1996954	0
1996925	0
1996918	0
1996949	0
1996958	0
1996929	0
1996940	0
1996930	0
1996956	0
1996942	0
1996952	0
1996955	0
1996968	0
1996947	0
1996966	0
1996975	0
1996980	0
1996957	0
1996960	0
1996965	0
1996981	0
1996964	0
1996991	0
1996977	0
1996967	0
1996971	0
1996972	0
1996987	0
1996988	0
1996990	0
1996984	0
1996979	0
1996995	0
1996996	0
1996982	0
1997003	0
1997009	0
1997005	0
1996983	0
1997006	0
1996993	0
1996997	0
1997007	0
1997027	0
1997033	0
1997047	0
1997026	0
1996989	0
1997001	0
1997023	0
1997049	0
1997010	0
1997017	0
1997046	0
1997058	0
1997018	0
1997053	0
1997051	0
1997034	0
1997059	0
1997064	0
1997074	0
1997078	0
1997065	0
1997079	0
1997054	0
1997048	0
1997076	0
1997073	0
1997071	0
1997085	0
1997080	0
1997086	0
1997110	0
1997097	0
1997098	0
1997093	0
1997088	0
1997102	0
1997083	0
1997084	0
1997119	0
1997109	0
1997117	0
1997124	0
1997089	0
1997122	0
1997096	0
1997126	0
1997121	0
1997140	0
1993650	0
1997130	0
1997138	0
1997146	0
1997139	0
1997143	0
1997142	0
1997147	0
1997127	0
1997161	0
1997156	0
1997176	0
1997151	0
1997159	0
1997154	0
1997123	0
1997128	0
1997169	0
1997179	0
1997186	0
1997181	0
1997193	0
1997192	0
1997182	0
1997125	0
1997195	0
1997187	0
1997190	0
1997199	0
1997205	0
1997201	0
1997202	0
1997198	0
1997223	0
1997206	0
1997214	0
1997207	0
1997211	0
1997232	0
1997240	0
1997229	0
1997221	0
1997196	0
1997241	0
1997243	0
1997239	0
1997248	0
1997252	0
1997244	0
1997233	0
1997245	0
1997263	0
1997251	0
1997256	0
1997274	0
1997270	0
1997271	0
1997275	0
1997215	0
1997264	0
1997272	0
1997268	0
1997290	0
1997277	0
1997269	0
1997288	0
1997296	0
1997136	0
1997295	0
1997286	0
1997293	0
1997304	0
1997303	0
1997302	0
1997287	0
1997306	0
1997310	0
1997299	0
1997311	0
1997309	0
1997316	0
1997326	0
1997305	0
1997327	0
1997320	0
1997339	0
1997297	0
1997329	0
1997328	0
1997284	0
1997346	0
1997336	0
1997344	0
1997351	0
1997301	0
1997357	0
1997360	0
1997356	0
1997345	0
1997359	0
1997363	0
1997355	0
1997323	0
1997372	0
1997368	0
1997369	0
1997366	0
1997358	0
1997371	0
1997377	0
1997373	0
1997380	0
1997387	0
1997384	0
1997386	0
1997370	0
1997382	0
1997391	0
1997393	0
1997395	0
1997343	0
1997400	0
1997396	0
1997416	0
1997412	0
1997404	0
1997409	0
1997420	0
1997398	0
1997417	0
1997399	0
1997419	0
1997413	0
1997415	0
1997434	0
1997442	0
1997432	0
1997397	0
1997437	0
1997435	0
1997445	0
1997448	0
1997426	0
1997403	0
1997454	0
1997455	0
1997451	0
1997457	0
1997460	0
1997453	0
1997469	0
1997464	0
1997433	0
1997473	0
1997472	0
1997474	0
1997475	0
1997477	0
1997488	0
1997482	0
1997485	0
1997498	0
1997462	0
1997497	0
1997501	0
1997489	0
1997491	0
1997499	0
1997503	0
1997487	0
1997502	0
1997494	0
1997507	0
1997496	0
1997514	0
1997510	0
1997539	0
1997486	0
1997518	0
1997543	0
1997527	0
1997528	0
1997530	0
1997544	0
1997558	0
1997545	0
1997559	0
1997561	0
1997553	0
1997549	0
1997554	0
1997563	0
1997564	0
1997576	0
1997572	0
1997562	0
1997579	0
1997535	0
1997575	0
1997582	0
1997571	0
1997533	0
1997588	0
1997540	0
1997591	0
1997595	0
1997580	0
1997596	0
1997601	0
1997612	0
1997586	0
1997617	0
1997602	0
1997605	0
1997615	0
1997611	0
1997618	0
1997622	0
1997603	0
1997624	0
1997637	0
1997621	0
1997625	0
1997629	0
1997628	0
1997639	0
1997607	0
1997599	0
1997640	0
1997650	0
1997669	0
1997635	0
1997663	0
1997670	0
1997620	0
1997546	0
1997679	0
1997680	0
1997683	0
1997673	0
1997686	0
1997696	0
1997681	0
1997691	0
1997697	0
1997704	0
1997698	0
1997707	0
1997667	0
1997693	0
1997694	0
1997720	0
1997725	0
1997711	0
1997645	0
1997717	0
1997724	0
1997702	0
1997728	0
1997713	0
1997726	0
1997735	0
1997734	0
1997719	0
1997712	0
1997733	0
1997730	0
1997736	0
1997744	0
1997751	0
1997747	0
1997687	0
1997737	0
1997745	0
1997760	0
1997754	0
1997755	0
1997759	0
1997757	0
1997731	0
1997763	0
1997758	0
1997764	0
1997765	0
1997766	0
1997776	0
1997770	0
1997772	0
1997748	0
1997790	0
1997788	0
1997774	0
1997782	0
1997778	0
1997794	0
1997786	0
1997800	0
1997813	0
1997811	0
1997803	0
1997789	0
1997804	0
1997795	0
1997824	0
1997822	0
1997831	0
1997834	0
1997791	0
1997821	0
1997825	0
1997835	0
1997833	0
1997837	0
1997839	0
1997830	0
1997844	0
1997838	0
1997850	0
1997848	0
1997773	0
1997846	0
1997858	0
1997849	0
1997806	0
1997864	0
1997843	0
1997845	0
1997860	0
1997859	0
1997851	0
1997872	0
1997829	0
1997866	0
1997878	0
1997879	0
1997883	0
1997873	0
1997876	0
1997867	0
1997877	0
1997895	0
1997897	0
1997893	0
1997902	0
1997898	0
1997901	0
1997899	0
1997908	0
1997928	0
1997910	0
1997913	0
1997920	0
1997929	0
1997938	0
1997931	0
1997936	0
1997924	0
1997933	0
1997941	0
1997927	0
1997943	0
1997855	0
1997914	0
1997944	0
1997957	0
1997942	0
1997948	0
1997961	0
1997959	0
1997955	0
1997919	0
1997950	0
1997963	0
1997962	0
1997939	0
1997967	0
1997977	0
1997983	0
1997974	0
1997975	0
1997985	0
1997980	0
1997978	0
1997981	0
1997988	0
1997990	0
1997997	0
1998005	0
1998009	0
1998008	0
1998015	0
1997991	0
1998014	0
1998026	0
1998022	0
1998007	0
1997989	0
1998028	0
1998018	0
1998023	0
1998032	0
1998030	0
1998033	0
1998048	0
1998041	0
1998027	0
1998035	0
1998021	0
1998031	0
1998050	0
1997976	0
1998053	0
1998068	0
1998056	0
1998061	0
1998059	0
1998063	0
1998064	0
1998072	0
1998071	0
1998079	0
1998069	0
1998075	0
1998074	0
1998025	0
1998106	0
1998091	0
1998073	0
1998101	0
1998081	0
1998110	0
1998115	0
1998010	0
1998112	0
1998107	0
1998117	0
1998085	0
1998119	0
1998127	0
1998125	0
1998122	0
1998089	0
1998130	0
1998118	0
1998084	0
1998133	0
1998100	0
1998152	0
1998154	0
1998136	0
1998108	0
1998151	0
1998113	0
1998143	0
1998148	0
1998159	0
1998139	0
1998153	0
1998121	0
1998142	0
1998135	0
1998155	0
1998169	0
1998168	0
1998166	0
1998170	0
1998165	0
1998128	0
1998178	0
1998137	0
1998181	0
1998176	0
1998173	0
1998187	0
1998147	0
1998191	0
1998172	0
1998197	0
1998196	0
1998199	0
1998215	0
1998211	0
1998190	0
1998208	0
1998185	0
1998230	0
1998223	0
1998235	0
1998209	0
1998234	0
1998232	0
1998236	0
1998242	0
1998192	0
1998241	0
1998250	0
1998256	0
1998201	0
1998266	0
1998274	0
1998218	0
1998276	0
1998271	0
1998277	0
1998270	0
1998289	0
1998231	0
1998290	0
1998291	0
1998243	0
1998279	0
1998287	0
1998220	0
1998262	0
1998255	0
1998318	0
1998303	0
1998319	0
1998307	0
1998323	0
1998335	0
1998336	0
1998341	0
1998340	0
1998338	0
1998348	0
1998351	0
1998354	0
1998352	0
1998361	0
1998376	0
1998320	0
1998374	0
1998357	0
1998365	0
1998363	0
1998385	0
1998379	0
1998383	0
1998388	0
1998403	0
1998254	0
1998399	0
1998296	0
1998394	0
1998380	0
1998412	0
1998386	0
1998433	0
1998410	0
1998411	0
1998425	0
1998429	0
1998416	0
1998428	0
1998415	0
1998430	0
1998453	0
1998445	0
1998441	0
1998443	0
1998455	0
1998440	0
1998452	0
1998449	0
1998460	0
1998456	0
1998470	0
1998458	0
1998450	0
1998464	0
1998418	0
1998468	0
1998475	0
1998375	0
1998461	0
1998465	0
1998472	0
1998473	0
1998485	0
1998493	0
1998478	0
1998490	0
1998483	0
1998459	0
1998484	0
1998491	0
1998476	0
1998492	0
1998506	0
1998509	0
1998494	0
1998496	0
1998500	0
1998499	0
1998498	0
1998497	0
1976717	0
1976722	0
1976721	0
1976725	0
1998487	0
1998511	0
1976727	0
1976733	0
1998510	0
1976735	0
1976736	0
1976728	0
1976730	0
1976732	0
1976738	0
1976743	0
1998507	0
1976720	0
1976753	0
1976749	0
1976746	0
1976767	0
1998504	0
1976742	0
1976754	0
1976744	0
1976765	0
1976772	0
1976778	0
1976747	0
1976768	0
1976764	0
1976774	0
1976785	0
1976784	0
1976775	0
1976790	0
1976779	0
1976763	0
1976781	0
1976787	0
1976723	0
1976797	0
1976789	0
1976791	0
1976803	0
1976804	0
1976792	0
1976813	0
1976758	0
1976794	0
1976827	0
1976800	0
1976810	0
1976831	0
1976818	0
1976805	0
1976826	0
1976833	0
1976839	0
1976806	0
1976830	0
1976840	0
1976842	0
1976834	0
1976847	0
1976820	0
1976852	0
1976850	0
1976822	0
1976837	0
1976855	0
1976858	0
1976876	0
1976849	0
1976857	0
1976860	0
1976880	0
1976872	0
1976878	0
1976864	0
1976879	0
1976844	0
1976886	0
1976896	0
1976870	0
1976894	0
1976899	0
1976882	0
1976903	0
1976907	0
1976875	0
1976917	0
1976911	0
1976921	0
1976918	0
1976913	0
1976901	0
1976912	0
1976927	0
1976925	0
1976926	0
1976928	0
1976916	0
1976919	0
1976937	0
1976932	0
1976922	0
1976934	0
1976897	0
1976941	0
1976887	0
1976929	0
1976952	0
1976944	0
1976948	0
1976957	0
1976943	0
1976951	0
1976965	0
1976960	0
1976968	0
1976940	0
1976942	0
1976962	0
1976930	0
1976970	0
1976955	0
1976933	0
1976993	0
1976982	0
1976979	0
1976985	0
1976981	0
1976983	0
1976992	0
1976991	0
1977010	0
1976996	0
1976990	0
1977004	0
1977012	0
1977013	0
1977014	0
1977024	0
1977026	0
1977009	0
1977021	0
1977023	0
1977030	0
1977027	0
1977007	0
1976881	0
1977042	0
1977041	0
1977045	0
1977031	0
1976978	0
1977043	0
1977044	0
1977051	0
1977046	0
1977047	0
1977059	0
1977054	0
1977061	0
1977062	0
1977077	0
1977067	0
1977057	0
1977055	0
1977056	0
1977033	0
1977066	0
1977071	0
1977075	0
1977078	0
1977085	0
1977092	0
1977093	0
1977080	0
1977076	0
1977083	0
1977100	0
1977079	0
1977113	0
1977102	0
1977106	0
1977101	0
1977121	0
1977098	0
1977115	0
1977120	0
1977123	0
1977132	0
1977074	0
1977125	0
1977134	0
1977142	0
1977095	0
1977146	0
1977136	0
1977153	0
1977147	0
1977161	0
1977138	0
1977165	0
1977151	0
1977141	0
1977090	0
1977119	0
1977173	0
1977163	0
1977097	0
1977170	0
1977169	0
1977183	0
1977195	0
1977177	0
1977184	0
1977174	0
1977186	0
1977139	0
1977185	0
1977180	0
1977190	0
1977206	0
1977203	0
1977197	0
1977159	0
1977204	0
1977202	0
1977164	0
1977199	0
1977217	0
1977205	0
1977223	0
1977227	0
1977216	0
1977209	0
1977214	0
1977210	0
1977228	0
1977230	0
1977211	0
1977221	0
1977243	0
1977229	0
1977235	0
1977248	0
1977245	0
1977250	0
1977239	0
1977255	0
1977254	0
1977266	0
1977272	0
1977271	0
1977251	0
1977270	0
1977261	0
1977273	0
1977281	0
1977280	0
1977297	0
1977279	0
1977295	0
1977290	0
1977234	0
1977257	0
1977302	0
1977306	0
1977300	0
1977311	0
1977308	0
1977317	0
1977303	0
1977305	0
1977301	0
1977321	0
1977322	0
1977329	0
1977264	0
1977277	0
1977325	0
1977284	0
1977320	0
1977327	0
1977312	0
1977338	0
1977331	0
1977339	0
1977343	0
1977341	0
1977335	0
1977336	0
1977340	0
1977363	0
1977356	0
1977359	0
1977344	0
1977316	0
1977350	0
1977349	0
1977345	0
1977346	0
1977362	0
1977372	0
1977382	0
1977368	0
1977383	0
1977373	0
1977402	0
1977400	0
1977392	0
1977361	0
1977406	0
1977408	0
1977417	0
1977411	0
1977407	0
1977420	0
1977424	0
1977404	0
1977437	0
1977403	0
1977426	0
1977440	0
1977435	0
1977451	0
1977449	0
1977450	0
1977443	0
1977469	0
1977439	0
1977453	0
1977397	0
1977442	0
1977456	0
1977472	0
1977433	0
1977467	0
1977474	0
1977441	0
1977470	0
1977462	0
1977480	0
1977482	0
1977471	0
1977486	0
1977503	0
1977490	0
1977491	0
1977492	0
1977506	0
1977507	0
1977489	0
1977510	0
1977511	0
1977504	0
1977512	0
1977519	0
1977517	0
1977508	0
1977520	0
1977494	0
1977521	0
1977505	0
1977530	0
1977488	0
1977518	0
1977484	0
1977536	0
1977537	0
1977522	0
1977529	0
1977531	0
1977500	0
1977553	0
1977556	0
1977557	0
1977547	0
1977562	0
1977541	0
1977561	0
1977560	0
1977572	0
1977559	0
1977574	0
1977576	0
1977573	0
1977580	0
1977550	0
1977589	0
1977588	0
1977583	0
1977596	0
1977523	0
1977569	0
1977597	0
1977605	0
1977598	0
1977546	0
1977615	0
1977604	0
1977614	0
1977616	0
1977618	0
1977623	0
1977585	0
1977608	0
1977632	0
1977634	0
1977641	0
1977656	0
1977653	0
1977647	0
1977624	0
1977609	0
1977621	0
1977643	0
1977655	0
1977658	0
1977593	0
1977661	0
1977654	0
1977670	0
1977672	0
1977681	0
1977679	0
1977680	0
1977687	0
1977689	0
1977619	0
1977646	0
1977682	0
1977696	0
1977692	0
1977688	0
1977665	0
1977693	0
1977704	0
1977698	0
1977691	0
1977699	0
1977707	0
1977694	0
1977695	0
1977697	0
1977667	0
1977702	0
1977711	0
1977721	0
1977725	0
1977712	0
1977736	0
1977731	0
1977602	0
1977726	0
1977723	0
1977729	0
1977741	0
1977740	0
1977748	0
1977724	0
1977744	0
1977738	0
1977751	0
1977750	0
1977757	0
1977749	0
1977766	0
1977756	0
1977758	0
1977764	0
1977718	0
1977767	0
1977772	0
1977774	0
1977762	0
1977765	0
1977742	0
1977780	0
1977785	0
1977784	0
1977782	0
1977796	0
1977788	0
1977794	0
1977798	0
1977739	0
1977797	0
1977787	0
1977804	0
1977746	0
1977817	0
1977791	0
1977821	0
1977809	0
1977807	0
1977813	0
1977808	0
1977786	0
1977829	0
1977818	0
1977801	0
1977825	0
1977824	0
1977823	0
1977826	0
1977822	0
1977836	0
1977839	0
1977827	0
1977842	0
1977850	0
1977853	0
1977861	0
1977870	0
1977866	0
1977854	0
1977840	0
1977857	0
1977868	0
1977856	0
1977872	0
1977863	0
1977882	0
1977893	0
1977886	0
1977880	0
1977871	0
1977909	0
1977900	0
1977892	0
1977876	0
1977890	0
1977898	0
1977897	0
1977925	0
1977889	0
1977865	0
1977928	0
1977916	0
1977905	0
1977930	0
1977946	0
1977929	0
1977940	0
1977926	0
1977955	0
1977895	0
1977950	0
1977958	0
1977937	0
1977920	0
1977941	0
1977959	0
1977970	0
1977878	0
1977969	0
1977954	0
1977968	0
1977960	0
1977977	0
1977972	0
1977979	0
1977978	0
1977971	0
1977984	0
1977982	0
1977985	0
1977986	0
1977988	0
1977990	0
1977991	0
1977951	0
1978001	0
1977993	0
1977987	0
1977997	0
1977995	0
1978022	0
1978009	0
1978003	0
1977948	0
1978020	0
1977996	0
1978002	0
1978023	0
1978016	0
1978026	0
1978024	0
1978019	0
1977915	0
1978018	0
1978040	0
1978025	0
1978039	0
1978035	0
1978050	0
1978052	0
1978029	0
1978027	0
1978043	0
1978049	0
1978010	0
1978051	0
1978041	0
1978061	0
1978067	0
1978062	0
1978060	0
1978070	0
1978076	0
1978013	0
1978011	0
1978081	0
1978055	0
1978036	0
1978069	0
1978087	0
1978086	0
1978064	0
1978065	0
1978089	0
1978079	0
1978091	0
1978088	0
1978093	0
1978101	0
1978092	0
1978106	0
1978084	0
1978068	0
1978118	0
1978107	0
1978105	0
1978097	0
1978115	0
1978116	0
1978117	0
1978104	0
1978131	0
1978124	0
1978136	0
1978102	0
1978119	0
1978127	0
1978132	0
1978138	0
1978139	0
1978149	0
1978150	0
1978141	0
1978164	0
1978123	0
1978153	0
1978172	0
1978100	0
1978169	0
1978168	0
1978151	0
1978171	0
1978157	0
1978175	0
1978176	0
1978183	0
1978184	0
1978186	0
1978163	0
1978178	0
1978190	0
1978181	0
1978142	0
1978193	0
1978196	0
1978200	0
1978187	0
1978147	0
1978195	0
1978208	0
1978213	0
1978212	0
1978129	0
1978197	0
1978220	0
1978201	0
1978217	0
1978215	0
1978209	0
1978229	0
1978232	0
1978223	0
1978221	0
1978226	0
1978233	0
1978234	0
1978236	0
1978228	0
1978237	0
1978248	0
1978242	0
1978134	0
1978250	0
1978240	0
1978257	0
1978245	0
1978260	0
1978253	0
1978251	0
1978267	0
1978258	0
1978247	0
1978243	0
1978263	0
1978279	0
1978270	0
1978280	0
1978261	0
1978277	0
1978284	0
1978286	0
1978283	0
1978273	0
1978289	0
1978219	0
1978287	0
1978296	0
1978291	0
1978302	0
1978292	0
1978315	0
1978303	0
1978320	0
1978293	0
1978324	0
1978326	0
1978321	0
1978331	0
1978323	0
1978332	0
1978225	0
1978317	0
1978339	0
1978345	0
1978338	0
1978342	0
1978361	0
1978309	0
1978351	0
1978359	0
1978336	0
1978366	0
1978362	0
1978357	0
1978356	0
1978374	0
1978349	0
1978358	0
1978363	0
1978340	0
1978370	0
1978350	0
1978367	0
1978384	0
1978382	0
1978371	0
1978372	0
1978401	0
1978355	0
1978375	0
1978390	0
1978394	0
1978380	0
1978395	0
1978391	0
1978403	0
1978400	0
1978402	0
1978418	0
1978416	0
1978414	0
1978407	0
1978397	0
1978412	0
1978409	0
1978426	0
1978417	0
1978410	0
1978419	0
1978422	0
1978425	0
1978442	0
1978434	0
1978435	0
1978432	0
1978413	0
1978458	0
1978447	0
1978404	0
1978427	0
1978441	0
1978457	0
1978439	0
1978465	0
1978456	0
1978462	0
1978454	0
1978463	0
1978455	0
1978474	0
1978480	0
1978470	0
1978479	0
1978484	0
1978502	0
1978498	0
1978500	0
1978496	0
1978466	0
1978510	0
1978471	0
1978536	0
1978516	0
1978512	0
1978521	0
1978511	0
1978509	0
1978538	0
1978539	0
1978544	0
1978531	0
1978520	0
1978519	0
1978547	0
1978508	0
1978542	0
1978497	0
1978563	0
1978561	0
1978526	0
1978545	0
1978559	0
1978556	0
1978423	0
1978573	0
1978524	0
1978574	0
1978560	0
1978569	0
1978577	0
1978580	0
1978592	0
1978460	0
1978546	0
1978587	0
1978597	0
1978575	0
1978596	0
1978589	0
1978607	0
1978598	0
1978602	0
1978610	0
1978571	0
1978600	0
1978501	0
1978613	0
1978604	0
1978611	0
1978606	0
1978554	0
1978622	0
1978603	0
1978621	0
1978627	0
1978585	0
1978617	0
1978616	0
1978647	0
1978633	0
1978641	0
1978631	0
1978639	0
1978651	0
1978658	0
1978653	0
1978661	0
1978657	0
1978642	0
1978646	0
1978656	0
1978620	0
1978643	0
1978674	0
1978664	0
1978685	0
1978678	0
1978681	0
1978676	0
1978687	0
1978709	0
1978701	0
1978704	0
1978712	0
1978671	0
1978705	0
1978682	0
1978689	0
1978698	0
1978720	0
1978711	0
1978725	0
1978692	0
1978728	0
1978703	0
1978655	0
1978729	0
1978719	0
1978717	0
1978727	0
1978742	0
1978736	0
1978744	0
1978721	0
1978730	0
1978667	0
1978745	0
1978699	0
1978733	0
1978735	0
1978755	0
1978754	0
1978760	0
1978749	0
1978757	0
1978770	0
1978762	0
1978761	0
1978765	0
1978710	0
1978778	0
1978787	0
1978718	0
1978772	0
1978771	0
1978793	0
1978776	0
1978784	0
1978766	0
1978795	0
1978791	0
1978796	0
1978809	0
1978788	0
1978802	0
1978804	0
1978808	0
1978815	0
1978821	0
1978789	0
1978783	0
1978800	0
1978835	0
1978828	0
1978814	0
1978833	0
1978811	0
1978827	0
1978839	0
1978817	0
1978847	0
1978792	0
1978884	0
1978861	0
1978849	0
1978850	0
1978883	0
1978858	0
1978870	0
1978860	0
1978882	0
1978844	0
1978880	0
1978895	0
1978881	0
1978885	0
1978886	0
1978894	0
1978865	0
1978901	0
1978899	0
1978892	0
1978874	0
1978866	0
1978912	0
1978918	0
1978916	0
1978906	0
1978926	0
1978921	0
1978933	0
1978879	0
1978931	0
1978923	0
1978928	0
1978951	0
1978939	0
1978929	0
1978915	0
1978937	0
1978958	0
1978943	0
1978843	0
1978959	0
1978949	0
1978961	0
1978957	0
1978973	0
1978955	0
1978965	0
1978970	0
1978982	0
1978971	0
1978972	0
1978979	0
1978977	0
1978985	0
1978981	0
1978993	0
1978983	0
1978988	0
1978991	0
1978889	0
1978998	0
1978996	0
1978994	0
1979016	0
1979006	0
1979005	0
1979011	0
1979019	0
1979023	0
1979013	0
1979041	0
1979010	0
1979022	0
1979055	0
1978984	0
1978987	0
1979054	0
1979038	0
1979007	0
1979056	0
1979059	0
1979033	0
1979068	0
1979048	0
1979063	0
1979061	0
1979062	0
1979066	0
1979072	0
1979087	0
1979082	0
1979030	0
1979083	0
1979079	0
1979085	0
1979099	0
1979098	0
1979096	0
1979090	0
1979078	0
1979101	0
1979080	0
1978670	0
1979102	0
1979021	0
1979108	0
1979100	0
1979053	0
1979118	0
1979106	0
1979138	0
1979120	0
1979134	0
1979123	0
1979119	0
1979129	0
1979115	0
1979143	0
1979136	0
1979144	0
1979147	0
1979112	0
1979145	0
1979153	0
1979148	0
1979146	0
1979150	0
1979158	0
1979152	0
1979163	0
1979170	0
1979179	0
1979133	0
1979178	0
1979175	0
1978975	0
1979176	0
1979177	0
1979189	0
1979162	0
1979210	0
1979181	0
1979202	0
1979188	0
1979186	0
1979220	0
1979198	0
1979122	0
1979205	0
1979206	0
1979199	0
1979212	0
1979228	0
1979229	0
1979223	0
1979215	0
1979233	0
1979234	0
1979218	0
1979232	0
1979242	0
1979241	0
1979240	0
1979243	0
1979217	0
1979257	0
1979268	0
1979238	0
1979250	0
1979201	0
1979244	0
1979248	0
1979259	0
1979272	0
1979274	0
1979263	0
1979277	0
1979227	0
1979276	0
1979273	0
1979265	0
1979282	0
1979267	0
1979271	0
1979280	0
1979292	0
1979294	0
1979281	0
1979296	0
1979299	0
1979289	0
1979290	0
1979300	0
1979305	0
1979306	0
1979256	0
1979308	0
1979297	0
1979295	0
1979324	0
1979318	0
1979319	0
1979341	0
1979331	0
1979313	0
1979348	0
1979346	0
1979347	0
1979342	0
1979338	0
1979352	0
1979361	0
1979285	0
1979359	0
1979360	0
1979380	0
1979370	0
1979389	0
1979375	0
1979377	0
1979323	0
1979385	0
1979386	0
1979394	0
1979366	0
1979398	0
1979405	0
1979363	0
1979336	0
1979416	0
1979408	0
1979393	0
1979427	0
1979433	0
1979403	0
1979424	0
1979399	0
1979390	0
1979409	0
1979401	0
1979446	0
1979411	0
1979419	0
1979448	0
1979441	0
1979447	0
1979355	0
1979376	0
1979449	0
1979418	0
1979384	0
1979456	0
1979460	0
1979457	0
1979464	0
1979450	0
1979466	0
1979474	0
1979435	0
1979455	0
1979468	0
1979469	0
1979439	0
1979472	0
1979480	0
1979490	0
1979479	0
1979483	0
1979488	0
1979461	0
1979487	0
1979493	0
1979507	0
1979523	0
1979502	0
1979497	0
1979501	0
1979517	0
1979515	0
1979513	0
1979522	0
1979492	0
1979510	0
1979527	0
1979516	0
1979518	0
1979532	0
1979533	0
1979496	0
1979524	0
1979542	0
1979543	0
1979541	0
1979491	0
1979552	0
1979539	0
1979550	0
1979557	0
1979547	0
1979534	0
1979560	0
1979571	0
1979549	0
1979553	0
1979566	0
1979578	0
1979525	0
1979570	0
1979568	0
1979582	0
1979573	0
1979572	0
1979577	0
1979580	0
1979597	0
1979575	0
1979584	0
1979589	0
1979604	0
1979600	0
1979602	0
1979603	0
1979556	0
1979608	0
1979606	0
1979612	0
1979586	0
1979613	0
1979610	0
1979623	0
1979605	0
1979615	0
1979595	0
1979621	0
1979617	0
1979618	0
1979627	0
1979616	0
1979624	0
1979620	0
1979581	0
1979628	0
1979631	0
1979633	0
1979644	0
1979626	0
1979652	0
1979635	0
1979637	0
1979639	0
1979656	0
1979638	0
1979657	0
1979653	0
1979642	0
1979660	0
1979654	0
1979646	0
1979649	0
1979651	0
1979670	0
1979678	0
1979669	0
1979679	0
1979673	0
1979658	0
1979686	0
1979680	0
1979682	0
1979674	0
1979697	0
1979694	0
1979561	0
1979684	0
1979671	0
1979687	0
1979663	0
1979706	0
1979710	0
1979704	0
1979721	0
1978803	0
1979705	0
1979693	0
1979714	0
1979699	0
1979696	0
1979701	0
1979718	0
1979722	0
1979717	0
1979743	0
1979724	0
1979668	0
1979730	0
1979740	0
1979738	0
1979733	0
1979750	0
1979755	0
1979751	0
1979685	0
1979726	0
1979753	0
1979747	0
1979760	0
1979763	0
1979748	0
1979771	0
1979779	0
1979775	0
1979767	0
1979780	0
1979770	0
1979769	0
1979764	0
1979784	0
1979788	0
1979773	0
1979787	0
1979805	0
1979801	0
1979791	0
1979774	0
1979798	0
1979808	0
1979676	0
1979812	0
1979802	0
1979818	0
1979827	0
1979820	0
1979837	0
1979835	0
1979838	0
1979831	0
1979811	0
1979845	0
1979857	0
1979847	0
1979821	0
1979856	0
1979851	0
1979854	0
1979778	0
1979858	0
1979863	0
1979850	0
1979873	0
1979859	0
1979862	0
1979868	0
1979855	0
1979874	0
1979897	0
1979889	0
1979849	0
1979881	0
1979893	0
1979898	0
1979902	0
1979884	0
1979915	0
1979912	0
1979903	0
1979900	0
1979905	0
1979870	0
1979913	0
1979924	0
1979923	0
1979934	0
1979931	0
1979920	0
1979892	0
1979939	0
1979882	0
1979937	0
1979929	0
1979916	0
1979938	0
1979940	0
1979946	0
1979910	0
1979919	0
1979948	0
1979945	0
1979954	0
1979947	0
1979944	0
1979955	0
1979942	0
1979963	0
1979961	0
1979941	0
1979958	0
1979876	0
1979972	0
1979960	0
1979974	0
1979971	0
1979965	0
1979966	0
1979975	0
1979973	0
1979980	0
1979981	0
1979985	0
1979953	0
1979976	0
1979998	0
1980001	0
1979996	0
1979994	0
1980004	0
1979967	0
1980009	0
1979987	0
1980005	0
1980013	0
1980007	0
1980008	0
1980018	0
1980016	0
1979995	0
1980022	0
1980020	0
1979989	0
1980026	0
1980010	0
1980023	0
1980027	0
1980032	0
1980029	0
1979890	0
1978842	0
1980031	0
1979917	0
1980058	0
1980051	0
1980059	0
1980062	0
1980053	0
1980056	0
1980043	0
1980055	0
1980052	0
1980061	0
1980063	0
1980081	0
1980074	0
1980066	0
1980019	0
1980069	0
1980077	0
1980085	0
1980078	0
1980073	0
1980091	0
1980082	0
1980040	0
1980097	0
1980103	0
1980050	0
1980088	0
1980099	0
1980076	0
1980072	0
1980095	0
1980101	0
1980106	0
1980113	0
1980080	0
1980105	0
1980115	0
1980112	0
1979983	0
1980118	0
1980108	0
1980125	0
1980144	0
1980153	0
1980135	0
1980107	0
1980140	0
1980148	0
1980170	0
1980158	0
1980146	0
1980171	0
1980154	0
1980163	0
1980175	0
1980176	0
1980114	0
1980167	0
1980195	0
1980180	0
1980181	0
1980191	0
1980168	0
1980196	0
1980197	0
1980203	0
1980193	0
1980200	0
1980204	0
1980210	0
1980199	0
1980216	0
1980213	0
1980156	0
1980209	0
1980207	0
1980217	0
1980214	0
1980221	0
1980218	0
1980224	0
1980223	0
1980220	0
1980174	0
1980234	0
1980228	0
1980231	0
1980239	0
1980226	0
1980183	0
1980238	0
1980244	0
1980246	0
1980248	0
1980245	0
1980265	0
1980251	0
1980256	0
1980255	0
1980268	0
1980253	0
1980271	0
1980250	0
1980292	0
1980282	0
1980274	0
1980257	0
1980269	0
1980287	0
1980270	0
1980294	0
1980290	0
1980280	0
1980240	0
1980304	0
1980247	0
1980300	0
1980299	0
1980297	0
1980314	0
1980309	0
1980308	0
1980316	0
1980322	0
1980319	0
1980313	0
1980318	0
1980325	0
1980321	0
1980330	0
1980323	0
1980273	0
1980341	0
1980334	0
1980324	0
1980336	0
1980358	0
1980276	0
1980328	0
1980351	0
1980332	0
1980347	0
1980346	0
1980365	0
1980353	0
1980317	0
1980366	0
1980364	0
1980356	0
1980368	0
1980370	0
1980355	0
1980360	0
1980367	0
1980379	0
1980371	0
1980384	0
1980386	0
1980377	0
1980349	0
1980383	0
1980376	0
1980354	0
1980390	0
1980389	0
1980391	0
1980408	0
1980404	0
1980414	0
1980401	0
1980402	0
1980393	0
1980409	0
1980413	0
1980416	0
1980418	0
1980426	0
1980428	0
1980431	0
1980432	0
1980419	0
1980437	0
1980430	0
1980400	0
1980433	0
1980440	0
1980415	0
1980436	0
1980447	0
1980454	0
1980445	0
1980443	0
1980441	0
1980453	0
1980456	0
1980448	0
1980457	0
1980464	0
1980469	0
1980461	0
1980463	0
1980462	0
1980475	0
1980470	0
1980478	0
1980491	0
1980466	0
1980485	0
1980494	0
1980506	0
1980498	0
1980502	0
1980486	0
1980509	0
1980481	0
1980492	0
1980514	0
1980510	0
1980507	0
1980521	0
1980512	0
1980505	0
1980516	0
1980459	0
1980522	0
1980513	0
1980477	0
1980523	0
1980529	0
1980549	0
1980544	0
1980551	0
1980547	0
1980550	0
1980541	0
1980561	0
1980559	0
1980558	0
1980554	0
1980518	0
1980564	0
1980567	0
1980557	0
1980542	0
1980572	0
1980580	0
1980563	0
1980566	0
1980591	0
1980579	0
1980575	0
1980584	0
1980598	0
1980585	0
1980533	0
1980583	0
1980600	0
1980592	0
1980602	0
1980616	0
1980595	0
1980601	0
1980597	0
1980614	0
1980618	0
1980633	0
1980612	0
1980629	0
1980625	0
1980632	0
1980590	0
1980582	0
1980638	0
1980622	0
1980648	0
1980621	0
1980649	0
1980655	0
1980662	0
1980668	0
1980658	0
1980650	0
1980678	0
1980653	0
1980654	0
1980660	0
1980669	0
1980673	0
1980676	0
1980672	0
1980665	0
1980677	0
1980687	0
1980671	0
1980663	0
1980684	0
1980688	0
1980686	0
1980706	0
1980695	0
1980680	0
1980692	0
1980715	0
1980713	0
1980697	0
1980712	0
1980726	0
1980721	0
1980691	0
1980696	0
1980733	0
1980727	0
1980724	0
1980675	0
1980714	0
1980693	0
1980742	0
1980710	0
1980704	0
1980735	0
1980750	0
1980751	0
1980740	0
1980757	0
1980741	0
1980762	0
1980766	0
1980768	0
1980761	0
1980759	0
1980767	0
1980769	0
1980781	0
1980773	0
1980784	0
1980719	0
1980796	0
1980788	0
1980756	0
1980794	0
1980752	0
1980779	0
1980786	0
1980805	0
1980798	0
1980809	0
1980793	0
1980799	0
1980811	0
1980815	0
1980813	0
1980817	0
1980827	0
1980804	0
1980826	0
1980820	0
1980818	0
1980834	0
1980808	0
1980829	0
1980763	0
1980831	0
1980832	0
1980819	0
1980852	0
1980836	0
1980842	0
1980855	0
1980841	0
1980849	0
1980850	0
1980864	0
1980816	0
1980859	0
1980862	0
1980870	0
1980874	0
1980884	0
1980885	0
1980876	0
1980877	0
1980861	0
1980879	0
1980883	0
1980894	0
1980893	0
1980865	0
1980878	0
1980889	0
1980899	0
1980847	0
1980846	0
1980900	0
1980903	0
1980908	0
1980905	0
1980921	0
1980927	0
1980902	0
1980911	0
1980881	0
1980892	0
1980915	0
1980916	0
1980934	0
1980919	0
1980925	0
1980928	0
1980931	0
1980941	0
1980907	0
1980937	0
1980935	0
1980940	0
1980936	0
1980959	0
1980964	0
1980946	0
1980957	0
1980967	0
1980942	0
1980961	0
1980970	0
1980952	0
1980963	0
1980976	0
1980984	0
1980982	0
1980983	0
1980969	0
1980980	0
1980972	0
1980979	0
1980950	0
1980994	0
1980987	0
1980923	0
1980991	0
1981006	0
1980993	0
1981019	0
1980998	0
1981004	0
1980978	0
1981010	0
1981001	0
1980966	0
1981012	0
1981017	0
1981009	0
1981023	0
1981028	0
1980986	0
1981016	0
1981029	0
1981033	0
1980981	0
1981020	0
1981040	0
1981045	0
1981032	0
1981049	0
1981024	0
1981038	0
1981031	0
1980992	0
1981015	0
1981057	0
1981062	0
1981053	0
1981063	0
1981056	0
1981072	0
1981075	0
1981059	0
1981081	0
1981066	0
1981080	0
1981035	0
1981092	0
1981093	0
1981086	0
1981084	0
1981070	0
1981078	0
1981048	0
1981089	0
1981101	0
1981091	0
1981106	0
1981098	0
1981112	0
1981082	0
1981118	0
1981065	0
1981130	0
1981095	0
1981117	0
1981096	0
1981107	0
1981109	0
1981120	0
1981141	0
1981155	0
1981159	0
1981133	0
1981113	0
1981160	0
1981154	0
1981169	0
1981137	0
1981171	0
1981156	0
1981173	0
1981179	0
1981191	0
1981153	0
1981172	0
1981176	0
1981181	0
1981195	0
1981192	0
1981193	0
1980869	0
1981163	0
1981178	0
1981187	0
1981212	0
1981151	0
1981198	0
1981208	0
1981214	0
1981210	0
1981218	0
1981188	0
1981204	0
1981203	0
1981209	0
1981131	0
1981174	0
1981223	0
1981220	0
1981217	0
1981219	0
1981232	0
1981216	0
1981233	0
1981224	0
1981234	0
1981227	0
1981211	0
1981229	0
1981123	0
1981206	0
1981238	0
1981240	0
1981245	0
1981242	0
1981256	0
1981255	0
1981246	0
1981249	0
1981258	0
1981278	0
1981268	0
1981267	0
1981265	0
1981274	0
1981270	0
1981262	0
1981295	0
1981291	0
1981305	0
1981266	0
1981319	0
1981311	0
1981334	0
1981306	0
1981239	0
1981325	0
1981315	0
1981316	0
1981339	0
1981284	0
1981340	0
1981335	0
1981348	0
1981329	0
1981336	0
1981354	0
1981355	0
1981371	0
1981359	0
1981365	0
1981366	0
1981373	0
1981376	0
1981383	0
1981387	0
1981377	0
1981391	0
1981378	0
1981385	0
1981392	0
1981384	0
1981399	0
1981395	0
1981400	0
1981428	0
1981397	0
1981401	0
1981414	0
1981394	0
1981403	0
1981357	0
1981405	0
1981408	0
1981432	0
1981407	0
1981443	0
1981438	0
1981431	0
1981436	0
1981452	0
1981423	0
1981445	0
1981449	0
1981450	0
1981434	0
1981457	0
1981451	0
1981459	0
1981442	0
1981462	0
1981454	0
1981447	0
1981463	0
1981456	0
1981464	0
1981468	0
1981472	0
1981470	0
1981466	0
1981467	0
1981491	0
1981458	0
1981476	0
1981497	0
1981486	0
1981482	0
1981488	0
1981494	0
1981484	0
1981490	0
1981507	0
1981503	0
1981499	0
1981509	0
1981511	0
1981500	0
1981512	0
1981521	0
1981516	0
1981508	0
1981510	0
1981513	0
1981514	0
1981517	0
1981465	0
1981525	0
1981533	0
1981520	0
1981535	0
1981526	0
1981518	0
1981531	0
1981546	0
1981540	0
1981541	0
1981453	0
1981530	0
1981538	0
1981548	0
1981559	0
1981547	0
1981553	0
1981557	0
1981569	0
1981564	0
1981572	0
1981505	0
1981542	0
1981562	0
1981573	0
1981576	0
1981589	0
1981527	0
1981578	0
1981552	0
1981549	0
1981588	0
1981583	0
1981584	0
1981596	0
1981590	0
1981529	0
1981536	0
1981594	0
1981618	0
1981598	0
1981625	0
1981600	0
1981599	0
1981597	0
1981628	0
1981606	0
1981617	0
1981624	0
1981632	0
1981626	0
1981638	0
1981639	0
1981558	0
1981652	0
1981650	0
1981645	0
1981642	0
1981651	0
1981646	0
1981662	0
1981658	0
1981659	0
1981665	0
1981656	0
1981663	0
1981671	0
1981657	0
1981556	0
1981660	0
1981680	0
1981670	0
1981673	0
1981636	0
1981676	0
1981679	0
1981677	0
1981664	0
1981694	0
1981682	0
1981684	0
1981687	0
1981699	0
1981700	0
1981696	0
1981689	0
1981707	0
1981716	0
1981710	0
1981717	0
1981722	0
1981711	0
1981726	0
1981731	0
1981723	0
1981737	0
1981725	0
1981728	0
1981732	0
1981712	0
1981735	0
1981738	0
1981649	0
1981750	0
1981747	0
1981727	0
1981741	0
1981736	0
1981720	0
1981752	0
1981739	0
1981758	0
1981748	0
1981764	0
1981751	0
1981756	0
1981754	0
1981753	0
1981763	0
1981773	0
1981760	0
1981767	0
1981775	0
1981765	0
1981780	0
1981769	0
1981783	0
1981789	0
1981698	0
1981772	0
1981796	0
1981755	0
1981785	0
1981782	0
1981809	0
1981788	0
1981812	0
1981806	0
1981791	0
1981815	0
1981826	0
1981793	0
1981828	0
1981830	0
1981818	0
1981849	0
1981827	0
1981842	0
1981813	0
1981803	0
1981800	0
1981795	0
1981858	0
1981819	0
1981834	0
1981866	0
1981856	0
1981766	0
1981868	0
1981837	0
1981860	0
1981859	0
1981865	0
1981768	0
1981847	0
1981880	0
1981862	0
1981883	0
1981878	0
1981872	0
1981874	0
1981887	0
1981871	0
1981879	0
1981902	0
1981886	0
1981892	0
1981891	0
1981895	0
1981901	0
1981894	0
1981867	0
1981924	0
1981897	0
1981893	0
1981914	0
1981918	0
1981913	0
1981921	0
1981926	0
1981911	0
1981919	0
1981861	0
1981875	0
1981935	0
1981908	0
1981936	0
1981835	0
1981932	0
1981900	0
1981922	0
1981933	0
1981940	0
1981946	0
1981938	0
1981923	0
1981934	0
1981947	0
1981937	0
1981956	0
1981950	0
1981966	0
1981964	0
1981976	0
1981974	0
1981951	0
1981984	0
1981973	0
1981975	0
1981967	0
1981863	0
1981979	0
1981990	0
1981987	0
1981980	0
1981982	0
1981985	0
1981962	0
1981992	0
1981912	0
1981991	0
1982004	0
1981957	0
1982002	0
1981996	0
1981998	0
1982010	0
1981995	0
1982014	0
1982020	0
1982011	0
1982018	0
1981988	0
1982017	0
1982039	0
1982023	0
1982022	0
1982038	0
1982027	0
1981848	0
1982046	0
1982042	0
1982047	0
1982052	0
1982060	0
1982024	0
1982029	0
1982058	0
1982065	0
1982064	0
1981954	0
1982073	0
1982028	0
1982074	0
1982071	0
1982076	0
1982075	0
1982070	0
1982090	0
1982084	0
1982091	0
1982026	0
1982093	0
1982099	0
1982096	0
1982102	0
1982108	0
1982120	0
1982085	0
1982103	0
1980656	0
1982112	0
1982113	0
1982131	0
1982117	0
1982094	0
1982133	0
1982141	0
1982136	0
1982110	0
1982134	0
1982152	0
1982080	0
1982138	0
1982156	0
1982153	0
1982146	0
1982160	0
1982155	0
1982161	0
1982097	0
1982172	0
1982119	0
1982167	0
1982175	0
1982177	0
1982169	0
1982171	0
1982190	0
1982176	0
1982178	0
1982150	0
1982188	0
1982196	0
1982209	0
1982193	0
1982208	0
1982197	0
1982210	0
1982206	0
1982223	0
1982225	0
1982226	0
1982211	0
1982235	0
1982232	0
1982149	0
1982229	0
1982185	0
1982233	0
1982236	0
1982227	0
1982224	0
1982252	0
1982238	0
1982189	0
1982237	0
1982240	0
1982247	0
1982256	0
1982249	0
1982251	0
1982275	0
1982262	0
1982277	0
1982268	0
1982272	0
1982267	0
1982282	0
1982286	0
1982271	0
1982287	0
1982288	0
1982284	0
1982294	0
1982315	0
1982291	0
1982290	0
1982279	0
1982305	0
1982304	0
1982313	0
1982301	0
1982318	0
1982323	0
1982320	0
1982258	0
1982331	0
1982321	0
1982324	0
1982325	0
1982326	0
1982351	0
1982342	0
1982337	0
1982339	0
1982364	0
1982345	0
1982368	0
1982260	0
1982353	0
1982363	0
1982332	0
1982336	0
1982347	0
1982373	0
1982356	0
1982375	0
1982377	0
1982378	0
1982386	0
1982395	0
1982387	0
1982400	0
1982394	0
1982369	0
1982393	0
1982408	0
1982398	0
1982404	0
1982392	0
1982414	0
1982401	0
1982419	0
1982371	0
1982415	0
1982348	0
1982420	0
1982430	0
1982413	0
1982362	0
1982434	0
1982417	0
1982431	0
1982388	0
1982410	0
1982423	0
1982440	0
1982441	0
1982407	0
1982445	0
1982428	0
1982402	0
1982436	0
1982449	0
1982458	0
1982469	0
1982379	0
1982470	0
1982455	0
1982466	0
1982437	0
1982459	0
1982460	0
1982478	0
1982489	0
1982443	0
1982494	0
1982468	0
1982477	0
1982432	0
1982424	0
1982497	0
1982488	0
1982502	0
1982496	0
1982500	0
1982505	0
1982510	0
1982137	0
1982511	0
1982513	0
1982518	0
1982515	0
1982522	0
1982491	0
1982481	0
1982529	0
1982528	0
1982520	0
1982526	0
1982538	0
1982540	0
1982533	0
1982485	0
1982551	0
1982523	0
1982504	0
1982519	0
1982561	0
1982506	0
1982558	0
1982556	0
1982563	0
1982554	0
1982567	0
1982571	0
1982553	0
1982537	0
1982548	0
1982547	0
1982573	0
1982560	0
1982273	0
1982578	0
1982574	0
1982579	0
1982568	0
1982524	0
1982569	0
1982582	0
1982564	0
1982595	0
1982589	0
1982585	0
1982596	0
1982611	0
1982608	0
1982592	0
1982604	0
1982616	0
1982607	0
1982603	0
1982623	0
1982625	0
1982615	0
1982629	0
1982591	0
1982618	0
1982627	0
1982619	0
1982626	0
1982637	0
1982641	0
1982632	0
1982647	0
1982646	0
1982653	0
1982630	0
1982645	0
1982649	0
1982655	0
1982652	0
1982659	0
1982640	0
1982648	0
1982656	0
1982650	0
1982663	0
1982667	0
1982670	0
1982684	0
1982683	0
1982675	0
1982677	0
1982706	0
1982715	0
1982669	0
1982707	0
1982694	0
1982696	0
1982700	0
1982699	0
1982721	0
1982727	0
1982716	0
1982717	0
1982724	0
1982719	0
1982723	0
1982722	0
1982711	0
1982729	0
1982736	0
1982745	0
1982751	0
1982676	0
1982759	0
1982743	0
1982739	0
1982763	0
1982756	0
1982762	0
1982761	0
1982765	0
1982750	0
1982773	0
1982771	0
1982778	0
1982781	0
1982792	0
1982780	0
1982790	0
1982782	0
1982768	0
1982786	0
1982789	0
1982764	0
1982772	0
1982784	0
1982791	0
1982794	0
1982748	0
1982806	0
1982783	0
1982798	0
1982799	0
1982801	0
1982816	0
1982820	0
1982811	0
1982828	0
1982807	0
1982800	0
1982826	0
1982785	0
1982818	0
1982832	0
1982835	0
1982840	0
1982839	0
1982829	0
1982823	0
1982843	0
1982858	0
1982814	0
1982854	0
1982865	0
1982836	0
1982875	0
1982869	0
1982867	0
1982868	0
1982874	0
1982862	0
1982871	0
1982857	0
1982889	0
1982897	0
1982891	0
1982892	0
1982883	0
1982884	0
1982870	0
1982907	0
1982860	0
1982882	0
1982885	0
1982903	0
1982898	0
1982914	0
1982905	0
1982906	0
1982918	0
1982910	0
1982915	0
1982931	0
1982911	0
1982927	0
1982926	0
1982921	0
1982916	0
1982934	0
1982936	0
1982935	0
1982913	0
1982938	0
1982961	0
1982937	0
1982954	0
1982953	0
1982945	0
1982957	0
1982880	0
1982949	0
1982962	0
1982947	0
1982973	0
1982969	0
1982975	0
1982978	0
1982981	0
1982959	0
1982986	0
1982990	0
1982991	0
1982985	0
1982976	0
1983005	0
1983007	0
1983017	0
1983012	0
1983026	0
1983011	0
1983027	0
1982963	0
1983040	0
1982977	0
1983024	0
1983038	0
1983037	0
1983046	0
1983048	0
1982956	0
1983047	0
1983052	0
1983036	0
1983003	0
1983053	0
1983058	0
1983059	0
1983043	0
1983061	0
1983066	0
1983044	0
1983055	0
1983041	0
1983064	0
1983062	0
1983070	0
1983063	0
1983067	0
1983069	0
1983076	0
1983087	0
1983072	0
1983077	0
1983088	0
1983092	0
1983086	0
1983078	0
1983089	0
1983100	0
1983095	0
1983094	0
1983091	0
1983097	0
1983090	0
1983101	0
1983098	0
1983108	0
1983105	0
1983074	0
1983015	0
1983099	0
1983096	0
1983110	0
1983031	0
1983120	0
1983116	0
1983112	0
1983117	0
1983119	0
1983114	0
1983138	0
1983115	0
1983107	0
1983130	0
1983144	0
1983136	0
1983147	0
1983146	0
1983124	0
1983150	0
1983148	0
1983152	0
1983133	0
1983160	0
1983158	0
1983154	0
1983175	0
1983155	0
1983159	0
1983170	0
1983188	0
1983180	0
1983178	0
1983181	0
1983189	0
1983205	0
1983202	0
1982952	0
1983208	0
1983191	0
1983201	0
1983171	0
1983204	0
1983195	0
1983210	0
1983211	0
1983193	0
1983207	0
1983176	0
1983214	0
1983216	0
1983182	0
1983219	0
1983179	0
1983241	0
1983242	0
1983238	0
1983234	0
1983221	0
1983237	0
1983218	0
1983272	0
1983265	0
1983256	0
1983267	0
1983245	0
1983263	0
1983215	0
1983244	0
1983258	0
1983243	0
1983164	0
1983296	0
1983286	0
1983280	0
1983290	0
1983274	0
1983294	0
1983259	0
1982878	0
1983269	0
1983278	0
1983300	0
1983298	0
1983301	0
1983314	0
1983307	0
1983325	0
1983318	0
1983335	0
1983340	0
1983289	0
1983337	0
1983313	0
1983302	0
1983347	0
1983341	0
1983344	0
1983345	0
1983321	0
1983346	0
1983354	0
1983351	0
1983348	0
1983361	0
1983363	0
1983349	0
1983320	0
1983315	0
1983366	0
1983352	0
1983364	0
1983369	0
1983316	0
1983362	0
1983370	0
1983365	0
1983405	0
1983367	0
1983377	0
1983409	0
1983384	0
1983387	0
1983391	0
1983412	0
1983398	0
1983414	0
1983422	0
1983395	0
1983374	0
1983350	0
1983381	0
1983430	0
1983407	0
1983421	0
1983408	0
1983438	0
1983433	0
1983442	0
1983434	0
1983448	0
1983439	0
1983419	0
1983449	0
1983446	0
1983455	0
1983460	0
1983457	0
1983461	0
1983466	0
1983475	0
1983456	0
1983470	0
1983432	0
1983469	0
1983403	0
1983473	0
1983437	0
1983441	0
1983482	0
1983480	0
1983477	0
1983472	0
1983496	0
1983488	0
1983506	0
1983492	0
1983445	0
1983495	0
1983484	0
1983502	0
1983500	0
1983503	0
1983515	0
1983501	0
1983504	0
1983509	0
1983510	0
1983499	0
1983513	0
1983401	0
1983521	0
1983524	0
1983526	0
1983519	0
1983540	0
1983507	0
1983530	0
1983479	0
1983531	0
1983532	0
1983541	0
1983084	0
1983544	0
1983554	0
1983552	0
1983547	0
1983559	0
1983520	0
1983556	0
1983565	0
1983562	0
1983557	0
1983505	0
1983576	0
1983573	0
1983568	0
1983551	0
1983579	0
1983581	0
1983583	0
1983536	0
1983590	0
1983616	0
1983598	0
1983564	0
1983575	0
1983589	0
1983587	0
1983600	0
1983619	0
1983602	0
1983622	0
1983625	0
1983613	0
1983615	0
1983623	0
1983612	0
1983618	0
1983624	0
1983609	0
1983639	0
1983640	0
1983627	0
1983647	0
1983644	0
1983632	0
1983645	0
1983643	0
1983660	0
1983670	0
1983652	0
1983649	0
1983673	0
1983669	0
1983675	0
1983674	0
1983664	0
1983682	0
1983685	0
1983663	0
1983671	0
1983686	0
1983688	0
1983696	0
1983708	0
1983699	0
1983693	0
1983679	0
1983697	0
1983710	0
1983713	0
1983702	0
1983723	0
1983636	0
1983736	0
1983720	0
1983717	0
1983725	0
1983728	0
1983724	0
1983754	0
1983738	0
1983735	0
1983743	0
1983734	0
1983759	0
1983757	0
1983748	0
1983747	0
1983684	0
1983753	0
1983761	0
1983766	0
1983773	0
1983762	0
1983769	0
1983760	0
1983771	0
1983790	0
1983789	0
1983781	0
1983783	0
1983794	0
1983764	0
1983752	0
1983802	0
1983796	0
1983803	0
1983798	0
1983788	0
1983811	0
1983804	0
1983808	0
1983810	0
1983817	0
1983791	0
1983823	0
1983813	0
1983820	0
1983801	0
1983821	0
1983772	0
1983795	0
1983826	0
1983845	0
1983855	0
1983828	0
1983829	0
1983818	0
1983841	0
1983846	0
1983856	0
1983830	0
1983851	0
1983850	0
1983867	0
1983863	0
1983861	0
1983865	0
1983862	0
1983878	0
1983868	0
1983871	0
1983869	0
1983880	0
1983883	0
1983889	0
1983857	0
1983893	0
1983881	0
1983898	0
1983901	0
1983877	0
1983885	0
1983912	0
1983931	0
1983902	0
1983897	0
1983906	0
1983911	0
1983926	0
1983936	0
1983921	0
1983933	0
1983907	0
1983943	0
1983934	0
1983866	0
1983935	0
1983917	0
1983942	0
1983947	0
1983948	0
1983952	0
1983951	0
1983950	0
1983932	0
1983959	0
1983956	0
1983966	0
1983940	0
1983953	0
1983974	0
1983965	0
1983916	0
1983964	0
1983961	0
1983985	0
1982542	0
1983982	0
1983978	0
1983995	0
1983991	0
1983986	0
1983990	0
1984004	0
1983993	0
1983992	0
1983998	0
1983983	0
1984005	0
1984002	0
1983945	0
1984013	0
1984019	0
1984009	0
1984003	0
1984017	0
1984016	0
1984027	0
1984041	0
1984029	0
1984030	0
1984048	0
1984040	0
1984070	0
1984046	0
1984039	0
1984057	0
1984060	0
1984055	0
1984056	0
1984050	0
1984051	0
1984072	0
1984082	0
1984077	0
1984062	0
1984076	0
1984069	0
1984073	0
1984097	0
1984075	0
1984067	0
1984034	0
1984065	0
1984081	0
1984101	0
1984113	0
1984094	0
1984092	0
1984061	0
1984106	0
1984117	0
1984118	0
1984115	0
1984105	0
1984124	0
1984110	0
1984126	0
1984129	0
1984123	0
1984141	0
1984140	0
1984134	0
1984149	0
1984125	0
1984114	0
1984163	0
1984144	0
1984152	0
1984158	0
1984169	0
1984178	0
1984186	0
1984164	0
1984171	0
1984190	0
1984185	0
1984177	0
1984176	0
1984195	0
1984189	0
1984194	0
1984192	0
1984122	0
1984191	0
1984197	0
1984200	0
1984209	0
1984180	0
1984198	0
1984213	0
1984206	0
1984182	0
1984208	0
1984217	0
1984224	0
1984221	0
1984210	0
1984211	0
1984229	0
1984231	0
1984238	0
1984226	0
1984242	0
1984223	0
1984241	0
1984239	0
1984234	0
1984247	0
1984248	0
1984230	0
1984235	0
1984245	0
1984246	0
1984233	0
1984262	0
1984166	0
1984261	0
1984266	0
1984251	0
1984267	0
1984283	0
1984276	0
1984278	0
1984282	0
1984260	0
1984285	0
1984271	0
1984272	0
1984287	0
1984294	0
1984288	0
1984297	0
1984310	0
1984302	0
1984306	0
1984304	0
1984090	0
1984308	0
1984316	0
1984307	0
1984320	0
1984281	0
1984254	0
1984324	0
1984339	0
1984322	0
1984330	0
1984301	0
1984328	0
1984337	0
1984327	0
1984342	0
1984345	0
1984352	0
1984364	0
1984305	0
1984359	0
1984361	0
1984357	0
1984349	0
1984326	0
1984375	0
1984366	0
1984374	0
1984382	0
1984376	0
1984367	0
1984379	0
1984350	0
1984396	0
1984383	0
1984400	0
1984403	0
1984414	0
1984397	0
1984395	0
1984401	0
1984406	0
1984416	0
1984407	0
1984408	0
1984411	0
1984421	0
1984358	0
1984423	0
1984419	0
1984439	0
1984432	0
1984418	0
1984431	0
1984372	0
1984433	0
1984438	0
1984449	0
1984381	0
1984440	0
1984452	0
1984457	0
1984446	0
1984459	0
1984454	0
1984461	0
1984447	0
1984462	0
1984442	0
1984470	0
1984426	0
1984467	0
1984474	0
1984478	0
1984425	0
1984493	0
1984479	0
1984475	0
1984480	0
1984498	0
1984485	0
1984494	0
1984511	0
1984489	0
1984499	0
1984508	0
1984510	0
1984507	0
1984521	0
1984513	0
1984523	0
1984512	0
1984526	0
1984525	0
1984527	0
1984497	0
1984514	0
1984540	0
1984545	0
1984528	0
1984536	0
1984535	0
1984537	0
1984554	0
1984542	0
1984563	0
1984551	0
1984477	0
1984571	0
1984567	0
1984561	0
1984572	0
1984579	0
1984550	0
1984574	0
1984541	0
1984578	0
1984590	0
1984548	0
1984586	0
1984588	0
1984582	0
1984558	0
1984594	0
1984585	0
1984591	0
1984538	0
1984597	0
1984599	0
1984601	0
1984596	0
1984562	0
1984595	0
1984602	0
1984607	0
1984608	0
1984598	0
1984614	0
1984623	0
1984629	0
1984632	0
1984615	0
1984619	0
1984639	0
1984646	0
1984640	0
1984641	0
1984647	0
1984656	0
1984612	0
1984665	0
1984662	0
1984669	0
1984661	0
1984609	0
1984672	0
1984664	0
1984668	0
1984678	0
1984670	0
1984627	0
1984658	0
1984644	0
1984679	0
1984675	0
1984633	0
1984643	0
1984686	0
1984684	0
1984683	0
1984671	0
1984692	0
1984691	0
1984698	0
1984690	0
1984657	0
1984754	0
1984751	0
1984760	0
1984759	0
1984755	0
1984764	0
1984682	0
1984766	0
1984752	0
1984756	0
1984778	0
1984776	0
1984782	0
1984781	0
1984780	0
1984785	0
1984786	0
1984784	0
1984787	0
1984775	0
1984788	0
1984794	0
1984795	0
1984789	0
1984790	0
1984805	0
1984813	0
1984797	0
1984818	0
1984796	0
1984808	0
1984807	0
1984765	0
1984809	0
1984821	0
1984826	0
1984838	0
1984823	0
1984825	0
1984832	0
1984842	0
1984841	0
1984855	0
1984827	0
1984835	0
1984852	0
1984829	0
1984858	0
1984856	0
1984845	0
1984863	0
1984846	0
1984870	0
1984854	0
1984873	0
1984859	0
1984862	0
1984871	0
1984874	0
1984875	0
1984868	0
1984877	0
1984869	0
1984878	0
1984879	0
1984881	0
1984892	0
1984893	0
1984840	0
1984899	0
1984887	0
1984896	0
1984891	0
1984897	0
1984894	0
1984847	0
1984861	0
1984867	0
1984905	0
1984906	0
1984908	0
1984921	0
1984911	0
1984913	0
1984904	0
1984916	0
1984926	0
1984927	0
1984898	0
1984934	0
1984909	0
1984928	0
1984902	0
1984932	0
1984937	0
1984923	0
1984943	0
1984940	0
1984948	0
1984944	0
1984941	0
1984957	0
1984933	0
1984939	0
1984946	0
1984942	0
1984951	0
1984960	0
1984949	0
1984971	0
1984961	0
1984977	0
1984955	0
1984984	0
1984974	0
1984980	0
1984989	0
1984969	0
1984950	0
1984994	0
1984993	0
1985008	0
1984975	0
1984959	0
1984997	0
1984973	0
1984992	0
1985014	0
1985004	0
1985015	0
1985021	0
1985009	0
1985020	0
1984954	0
1985001	0
1985010	0
1984963	0
1985012	0
1985019	0
1984991	0
1985023	0
1985029	0
1985030	0
1985037	0
1985016	0
1985031	0
1985054	0
1985039	0
1985059	0
1985042	0
1985032	0
1985025	0
1985063	0
1985048	0
1985074	0
1985056	0
1985072	0
1985050	0
1985049	0
1985051	0
1985068	0
1985078	0
1985070	0
1985055	0
1985085	0
1985093	0
1985083	0
1985096	0
1985064	0
1985088	0
1985099	0
1985101	0
1985077	0
1985105	0
1985069	0
1985073	0
1985065	0
1985103	0
1985100	0
1985076	0
1985114	0
1985108	0
1985109	0
1985110	0
1985080	0
1985125	0
1985132	0
1985130	0
1985133	0
1985134	0
1985091	0
1985139	0
1985143	0
1985131	0
1985094	0
1985135	0
1985112	0
1985144	0
1985121	0
1985138	0
1985148	0
1985162	0
1985136	0
1985167	0
1985142	0
1985171	0
1985140	0
1985164	0
1985153	0
1985176	0
1985178	0
1985154	0
1985186	0
1985179	0
1985188	0
1985157	0
1985191	0
1985145	0
1985202	0
1985166	0
1985173	0
1985216	0
1985198	0
1985170	0
1985224	0
1985187	0
1985228	0
1985217	0
1985205	0
1985227	0
1985200	0
1985203	0
1985232	0
1985215	0
1985182	0
1985234	0
1985242	0
1985233	0
1985221	0
1985243	0
1985213	0
1985246	0
1985235	0
1985248	0
1985251	0
1985245	0
1985250	0
1985254	0
1985225	0
1985238	0
1985255	0
1985258	0
1985263	0
1985266	0
1985269	0
1985252	0
1985260	0
1985241	0
1985237	0
1985259	0
1985270	0
1985272	0
1985281	0
1985282	0
1985274	0
1985277	0
1985271	0
1985278	0
1985284	0
1985285	0
1985291	0
1985268	0
1985305	0
1985302	0
1985308	0
1985293	0
1985275	0
1985309	0
1985300	0
1985322	0
1985312	0
1985288	0
1985306	0
1985180	0
1985318	0
1985304	0
1985330	0
1985345	0
1985287	0
1985349	0
1985350	0
1985311	0
1985358	0
1985348	0
1985368	0
1985332	0
1985354	0
1985374	0
1985365	0
1985379	0
1985384	0
1985378	0
1985371	0
1985372	0
1985375	0
1985352	0
1985362	0
1985380	0
1985381	0
1985388	0
1985383	0
1985391	0
1985402	0
1985325	0
1985407	0
1985385	0
1985394	0
1985400	0
1985396	0
1985410	0
1985389	0
1985392	0
1985412	0
1985404	0
1985414	0
1985421	0
1985406	0
1985403	0
1985418	0
1985416	0
1985424	0
1985426	0
1985422	0
1985419	0
1985417	0
1985434	0
1985429	0
1985430	0
1985431	0
1985439	0
1985437	0
1985433	0
1985438	0
1985441	0
1985451	0
1985461	0
1985458	0
1985415	0
1985454	0
1985448	0
1985467	0
1985470	0
1985484	0
1985474	0
1985480	0
1985482	0
1985440	0
1985491	0
1985494	0
1985442	0
1985492	0
1985479	0
1985472	0
1985483	0
1985502	0
1985495	0
1985487	0
1985498	0
1985420	0
1985497	0
1985515	0
1985509	0
1985505	0
1985504	0
1985528	0
1985510	0
1985523	0
1985516	0
1985538	0
1985493	0
1985530	0
1985536	0
1985535	0
1985501	0
1985545	0
1985550	0
1985506	0
1985529	0
1985547	0
1985562	0
1985567	0
1985556	0
1985521	0
1985531	0
1985563	0
1985579	0
1985543	0
1985571	0
1985549	0
1985584	0
1985586	0
1985588	0
1985569	0
1985592	0
1985585	0
1985596	0
1985570	0
1985587	0
1985619	0
1985614	0
1985609	0
1985564	0
1985613	0
1985606	0
1985623	0
1985629	0
1985626	0
1985589	0
1985598	0
1985631	0
1985607	0
1985633	0
1985615	0
1985611	0
1985612	0
1985624	0
1985645	0
1985642	0
1985651	0
1985636	0
1985634	0
1985655	0
1985648	0
1985650	0
1985641	0
1985654	0
1985669	0
1985639	0
1985653	0
1985658	0
1985657	0
1985677	0
1985662	0
1985683	0
1985664	0
1985637	0
1985663	0
1985684	0
1985674	0
1985668	0
1985685	0
1985702	0
1985673	0
1985688	0
1985675	0
1985690	0
1985676	0
1985703	0
1985710	0
1985681	0
1985712	0
1985679	0
1985719	0
1985714	0
1985686	0
1985711	0
1985730	0
1985720	0
1985721	0
1985733	0
1985724	0
1985716	0
1985738	0
1985735	0
1985707	0
1985732	0
1985699	0
1985705	0
1985743	0
1985717	0
1985768	0
1985762	0
1985741	0
1985725	0
1985751	0
1985761	0
1985746	0
1985765	0
1985742	0
1985767	0
1985745	0
1985782	0
1985780	0
1985760	0
1985776	0
1985771	0
1985789	0
1985779	0
1985791	0
1985788	0
1985756	0
1985770	0
1985773	0
1985811	0
1985766	0
1985799	0
1985801	0
1985818	0
1985807	0
1985805	0
1985785	0
1985795	0
1985821	0
1985813	0
1985826	0
1985829	0
1985827	0
1985793	0
1985839	0
1985815	0
1985848	0
1985822	0
1985844	0
1985835	0
1985838	0
1985854	0
1985809	0
1985814	0
1985852	0
1985861	0
1985816	0
1985860	0
1985870	0
1985866	0
1985867	0
1985873	0
1985869	0
1985831	0
1985875	0
1985832	0
1985843	0
1985856	0
1985891	0
1985878	0
1985894	0
1985899	0
1985881	0
1985887	0
1985865	0
1985907	0
1985892	0
1985898	0
1985884	0
1985851	0
1985914	0
1985920	0
1985868	0
1985880	0
1985889	0
1985928	0
1985931	0
1985915	0
1985916	0
1985929	0
1985922	0
1985938	0
1985901	0
1985845	0
1985945	0
1985919	0
1985918	0
1985952	0
1985912	0
1985930	0
1985942	0
1985946	0
1985955	0
1985965	0
1985934	0
1985977	0
1985963	0
1985932	0
1985983	0
1985989	0
1985986	0
1986001	0
1985988	0
1986008	0
1985954	0
1985957	0
1986017	0
1986009	0
1985970	0
1985966	0
1986011	0
1986015	0
1986018	0
1986020	0
1986005	0
1986021	0
1986029	0
1986024	0
1986032	0
1985997	0
1986035	0
1986007	0
1986006	0
1986041	0
1986046	0
1986056	0
1986054	0
1986059	0
1986052	0
1986038	0
1986043	0
1986062	0
1986070	0
1986027	0
1986034	0
1986068	0
1986072	0
1986026	0
1986033	0
1986080	0
1986069	0
1986081	0
1986084	0
1986085	0
1986091	0
1986082	0
1986086	0
1986074	0
1986095	0
1986061	0
1986104	0
1986071	0
1986102	0
1986107	0
1986097	0
1986076	0
1986088	0
1986114	0
1986120	0
1986096	0
1986098	0
1986130	0
1986093	0
1986105	0
1986112	0
1986108	0
1986129	0
1986123	0
1986122	0
1986143	0
1986137	0
1986132	0
1986148	0
1986150	0
1986141	0
1986131	0
1986155	0
1986153	0
1986135	0
1986171	0
1986139	0
1986145	0
1986144	0
1986157	0
1986146	0
1986173	0
1986177	0
1986181	0
1986159	0
1986176	0
1986154	0
1986164	0
1986189	0
1986183	0
1986161	0
1986191	0
1986169	0
1986186	0
1986194	0
1986218	0
1986205	0
1986198	0
1986192	0
1986211	0
1986227	0
1986212	0
1986196	0
1986231	0
1986207	0
1986193	0
1986235	0
1986238	0
1986242	0
1986219	0
1986245	0
1986246	0
1986239	0
1986241	0
1986223	0
1986255	0
1986224	0
1986251	0
1986258	0
1986263	0
1986232	0
1986278	0
1986240	0
1986253	0
1986280	0
1986250	0
1986267	0
1986252	0
1986277	0
1986282	0
1986256	0
1986262	0
1986287	0
1986276	0
1986266	0
1986284	0
1986292	0
1986259	0
1986288	0
1986294	0
1986279	0
1986301	0
1986293	0
1986283	0
1986289	0
1986313	0
1986297	0
1986304	0
1986291	0
1986299	0
1986296	0
1986317	0
1986309	0
1986322	0
1986315	0
1986303	0
1986307	0
1986324	0
1986321	0
1986312	0
1986335	0
1986334	0
1986336	0
1986308	0
1986316	0
1986328	0
1986344	0
1986339	0
1986325	0
1986327	0
1986337	0
1986355	0
1986340	0
1986341	0
1986362	0
1986367	0
1986361	0
1986381	0
1986369	0
1986345	0
1986348	0
1986354	0
1986382	0
1986374	0
1986383	0
1986357	0
1986379	0
1986389	0
1986391	0
1986358	0
1986393	0
1986399	0
1986404	0
1986402	0
1986371	0
1986409	0
1986417	0
1986388	0
1986405	0
1986385	0
1986416	0
1986423	0
1986420	0
1986376	0
1986392	0
1986431	0
1986437	0
1986426	0
1986432	0
1986434	0
1986443	0
1986415	0
1986407	0
1986425	0
1986446	0
1986440	0
1986436	0
1986445	0
1986413	0
1986450	0
1986452	0
1986447	0
1986454	0
1986464	0
1986457	0
1986428	0
1986476	0
1986458	0
1986472	0
1986461	0
1986482	0
1986474	0
1986488	0
1986484	0
1986470	0
1986487	0
1986501	0
1986486	0
1986506	0
1986498	0
1986502	0
1986510	0
1986418	0
1986508	0
1986492	0
1986509	0
1986456	0
1986473	0
1986527	0
1986520	0
1986511	0
1986541	0
1986523	0
1986529	0
1986534	0
1986477	0
1986546	0
1986544	0
1986535	0
1986550	0
1986543	0
1986531	0
1986551	0
1986549	0
1986563	0
1986548	0
1986562	0
1986567	0
1986558	0
1986561	0
1986574	0
1986556	0
1986578	0
1986568	0
1986571	0
1986564	0
1986582	0
1986572	0
1986514	0
1986587	0
1986575	0
1986594	0
1986589	0
1986590	0
1986596	0
1986577	0
1986586	0
1986612	0
1986602	0
1986627	0
1986605	0
1986614	0
1986595	0
1986597	0
1986613	0
1986621	0
1986629	0
1986570	0
1986628	0
1986633	0
1986637	0
1986645	0
1986579	0
1986642	0
1986651	0
1986647	0
1986650	0
1986644	0
1986660	0
1986649	0
1986600	0
1986669	0
1986667	0
1986618	0
1986664	0
1986663	0
1986646	0
1986670	0
1986668	0
1986630	0
1986673	0
1986665	0
1986677	0
1986675	0
1986674	0
1986685	0
1986689	0
1986700	0
1986678	0
1986672	0
1986680	0
1986634	0
1986691	0
1986710	0
1986715	0
1986706	0
1986679	0
1986695	0
1986702	0
1986718	0
1986720	0
1986704	0
1986723	0
1986699	0
1986716	0
1986730	0
1986737	0
1986725	0
1986719	0
1986726	0
1986729	0
1986735	0
1986733	0
1986743	0
1986745	0
1986740	0
1986750	0
1986744	0
1986739	0
1986747	0
1986749	0
1986751	0
1986746	0
1986761	0
1986728	0
1986757	0
1986760	0
1986721	0
1986756	0
1986753	0
1986754	0
1986782	0
1986769	0
1986784	0
1986775	0
1986771	0
1986768	0
1986773	0
1986783	0
1986788	0
1986772	0
1986789	0
1986799	0
1986807	0
1986805	0
1986797	0
1986786	0
1986808	0
1986796	0
1986793	0
1986815	0
1986812	0
1986806	0
1986816	0
1986748	0
1986814	0
1986821	0
1986826	0
1986813	0
1986830	0
1986822	0
1986835	0
1986823	0
1986798	0
1986834	0
1986800	0
1986795	0
1986842	0
1986832	0
1986833	0
1986845	0
1986841	0
1986840	0
1986848	0
1986852	0
1986856	0
1986859	0
1986867	0
1986863	0
1986861	0
1986850	0
1986865	0
1986837	0
1986868	0
1986831	0
1986869	0
1986828	0
1986875	0
1986871	0
1986876	0
1986884	0
1986896	0
1986892	0
1986899	0
1986901	0
1986887	0
1986851	0
1986897	0
1986894	0
1986855	0
1986906	0
1986910	0
1986900	0
1986905	0
1986927	0
1986931	0
1986923	0
1986937	0
1986920	0
1986914	0
1986942	0
1986926	0
1986939	0
1986938	0
1986912	0
1986881	0
1986949	0
1986947	0
1986933	0
1986953	0
1986919	0
1986954	0
1986957	0
1986959	0
1986950	0
1986955	0
1986958	0
1986963	0
1986961	0
1986965	0
1986967	0
1986972	0
1986932	0
1986977	0
1986969	0
1986976	0
1986948	0
1986985	0
1986992	0
1986980	0
1986994	0
1986978	0
1986993	0
1986996	0
1986989	0
1986968	0
1987004	0
1987008	0
1986973	0
1987009	0
1987016	0
1987013	0
1987018	0
1987017	0
1987019	0
1987024	0
1987021	0
1986987	0
1987007	0
1987028	0
1987034	0
1987010	0
1987023	0
1987029	0
1987026	0
1987002	0
1987030	0
1987040	0
1987041	0
1987046	0
1987045	0
1987055	0
1987047	0
1987085	0
1987068	0
1987087	0
1987052	0
1987079	0
1987059	0
1987053	0
1987082	0
1987094	0
1987072	0
1987095	0
1987083	0
1987097	0
1987116	0
1987073	0
1987109	0
1987092	0
1987098	0
1987027	0
1987112	0
1987113	0
1987119	0
1987120	0
1987102	0
1987124	0
1987129	0
1987136	0
1987118	0
1987146	0
1987130	0
1987139	0
1987106	0
1987142	0
1987152	0
1987125	0
1987103	0
1987114	0
1987154	0
1987167	0
1987149	0
1987128	0
1987165	0
1987162	0
1987153	0
1987163	0
1987175	0
1987168	0
1987176	0
1987172	0
1987173	0
1987177	0
1987184	0
1987194	0
1987178	0
1987186	0
1987166	0
1987187	0
1987191	0
1987180	0
1987185	0
1987198	0
1987214	0
1987203	0
1987211	0
1987227	0
1987223	0
1987242	0
1987213	0
1987241	0
1987245	0
1987144	0
1987236	0
1987244	0
1987217	0
1987170	0
1987206	0
1987249	0
1987260	0
1987250	0
1987259	0
1987266	0
1987247	0
1987267	0
1987252	0
1987277	0
1987275	0
1987272	0
1987274	0
1987205	0
1987286	0
1987282	0
1987284	0
1987278	0
1987297	0
1987291	0
1987303	0
1987292	0
1987270	0
1987305	0
1987285	0
1987304	0
1987310	0
1987296	0
1987309	0
1987315	0
1987264	0
1987261	0
1987308	0
1987312	0
1987314	0
1987302	0
1987307	0
1987317	0
1987324	0
1987328	0
1987335	0
1987321	0
1987329	0
1987233	0
1987332	0
1987334	0
1987336	0
1987337	0
1987326	0
1987360	0
1987338	0
1987339	0
1987363	0
1987370	0
1987376	0
1987369	0
1987357	0
1987352	0
1987344	0
1987347	0
1987378	0
1987392	0
1987372	0
1987364	0
1987346	0
1987380	0
1987403	0
1987397	0
1987411	0
1987398	0
1987391	0
1987408	0
1987386	0
1987415	0
1987406	0
1987412	0
1987416	0
1987418	0
1987423	0
1987404	0
1987425	0
1987430	0
1987438	0
1987409	0
1987435	0
1987400	0
1987427	0
1987433	0
1987440	0
1987441	0
1987449	0
1987399	0
1987445	0
1987453	0
1987460	0
1987450	0
1987457	0
1987454	0
1987447	0
1987462	0
1987463	0
1987474	0
1987480	0
1987478	0
1987465	0
1987429	0
1987417	0
1987485	0
1987472	0
1987482	0
1987489	0
1987459	0
1987494	0
1987491	0
1987495	0
1987504	0
1987501	0
1987507	0
1987484	0
1987502	0
1987437	0
1987510	0
1987475	0
1987477	0
1987515	0
1987509	0
1987508	0
1987470	0
1987518	0
1987511	0
1987488	0
1987521	0
1987493	0
1987443	0
